Linux 6.12.107+deb13-cloud-amd64 (ip-172-31-17-34) 	10/01/26 	_x86_64_	(16 CPU)

06:06:38     CPU    %usr   %nice    %sys %iowait    %irq   %soft  %steal  %guest  %gnice   %idle
06:06:43     all   98.15    0.00    1.47    0.00    0.00    0.00    0.00    0.00    0.00    0.39
06:06:48     all   98.79    0.00    1.15    0.00    0.00    0.00    0.00    0.00    0.00    0.06
06:06:53     all   98.61    0.00    1.34    0.00    0.00    0.00    0.00    0.00    0.00    0.05
06:06:58     all   98.13    0.00    1.59    0.00    0.00    0.00    0.00    0.00    0.00    0.28
06:07:03     all   98.09    0.00    1.06    0.00    0.00    0.00    0.01    0.00    0.00    0.84
06:07:08     all   97.58    0.00    1.43    0.00    0.00    0.00    0.00    0.00    0.00    0.99
06:07:13     all   96.60    0.00    3.00    0.00    0.00    0.00    0.01    0.00    0.00    0.39
06:07:18     all   96.72    0.00    3.03    0.00    0.00    0.00    0.00    0.00    0.00    0.25
06:07:23     all   97.00    0.00    2.84    0.00    0.00    0.00    0.00    0.00    0.00    0.16
06:07:28     all   97.05    0.00    2.80    0.00    0.00    0.00    0.00    0.00    0.00    0.15
06:07:33     all   97.26    0.00    2.57    0.00    0.00    0.00    0.00    0.00    0.00    0.16
06:07:38     all   96.73    0.00    3.11    0.00    0.00    0.00    0.00    0.00    0.00    0.16
06:07:43     all   94.51    0.00    4.28    0.00    0.00    0.00    0.00    0.00    0.00    1.21
06:07:48     all   95.36    0.00    4.32    0.00    0.00    0.00    0.00    0.00    0.00    0.33
06:07:53     all   95.78    0.00    4.02    0.00    0.00    0.00    0.00    0.00    0.00    0.20
06:07:58     all   95.42    0.00    4.34    0.00    0.00    0.00    0.00    0.00    0.00    0.24
06:08:03     all   95.68    0.00    3.89    0.00    0.00    0.00    0.00    0.00    0.00    0.43
06:08:08     all   95.50    0.00    4.33    0.00    0.00    0.00    0.01    0.00    0.00    0.16
06:08:13     all   99.07    0.00    0.28    0.00    0.00    0.00    0.00    0.00    0.00    0.65
06:08:18     all   99.91    0.00    0.07    0.00    0.00    0.00    0.00    0.00    0.00    0.01
06:08:23     all   99.92    0.00    0.08    0.00    0.00    0.00    0.00    0.00    0.00    0.00
06:08:28     all   99.83    0.00    0.15    0.00    0.00    0.00    0.00    0.00    0.00    0.03
06:08:33     all   99.94    0.00    0.06    0.00    0.00    0.00    0.00    0.00    0.00    0.00
06:08:38     all   99.89    0.00    0.11    0.00    0.00    0.00    0.00    0.00    0.00    0.00
06:08:43     all   99.25    0.00    0.35    0.00    0.00    0.00    0.01    0.00    0.00    0.39
06:08:48     all   99.85    0.00    0.14    0.00    0.00    0.00    0.00    0.00    0.00    0.01
06:08:53     all   99.84    0.00    0.16    0.00    0.00    0.00    0.00    0.00    0.00    0.00
06:08:58     all   99.81    0.00    0.19    0.00    0.00    0.00    0.00    0.00    0.00    0.00
06:09:03     all   99.86    0.00    0.14    0.00    0.00    0.00    0.00    0.00    0.00    0.00
06:09:08     all   99.89    0.00    0.10    0.00    0.00    0.00    0.00    0.00    0.00    0.01
06:09:13     all   98.80    0.00    0.51    0.00    0.00    0.00    0.00    0.00    0.00    0.69
06:09:18     all   99.86    0.00    0.14    0.00    0.00    0.00    0.00    0.00    0.00    0.00
06:09:23     all   99.84    0.00    0.15    0.00    0.00    0.00    0.00    0.00    0.00    0.01
06:09:28     all   99.86    0.00    0.14    0.00    0.00    0.00    0.00    0.00    0.00    0.00
06:09:33     all   99.85    0.00    0.15    0.00    0.00    0.00    0.00    0.00    0.00    0.00
06:09:38     all   99.79    0.00    0.21    0.00    0.00    0.00    0.00    0.00    0.00    0.00
06:09:43     all   97.32    0.00    1.45    0.00    0.00    0.00    0.00    0.00    0.00    1.23
06:09:48     all   98.37    0.00    1.25    0.00    0.00    0.00    0.00    0.00    0.00    0.38
06:09:53     all   98.43    0.00    1.11    0.00    0.00    0.00    0.01    0.00    0.00    0.44
06:09:58     all   96.55    0.00    1.86    0.00    0.00    0.00    0.00    0.00    0.00    1.59
06:10:03     all   96.63    0.00    1.72    0.00    0.00    0.00    0.00    0.00    0.00    1.65
06:10:08     all   96.42    0.00    1.62    0.00    0.00    0.00    0.00    0.00    0.00    1.96
06:10:13     all   96.70    0.00    2.85    0.00    0.00    0.00    0.01    0.00    0.00    0.44
06:10:18     all   96.79    0.00    3.03    0.00    0.00    0.00    0.00    0.00    0.00    0.19
06:10:23     all   96.71    0.00    3.04    0.00    0.00    0.00    0.01    0.00    0.00    0.24
06:10:28     all   96.95    0.00    2.86    0.00    0.00    0.00    0.00    0.00    0.00    0.19
06:10:33     all   97.34    0.00    2.48    0.00    0.00    0.00    0.00    0.00    0.00    0.19
06:10:38     all   96.93    0.00    2.85    0.00    0.00    0.00    0.00    0.00    0.00    0.22
06:10:43     all   94.70    0.00    4.32    0.00    0.00    0.00    0.00    0.00    0.00    0.97
06:10:48     all   95.80    0.00    3.94    0.00    0.00    0.00    0.00    0.00    0.00    0.26
06:10:53     all   95.62    0.00    4.02    0.00    0.00    0.00    0.00    0.00    0.00    0.36
06:10:58     all   95.78    0.00    4.10    0.00    0.00    0.00    0.00    0.00    0.00    0.12
06:11:03     all   95.90    0.00    3.85    0.00    0.00    0.00    0.00    0.00    0.00    0.25
06:11:08     all   95.46    0.00    4.39    0.00    0.00    0.00    0.00    0.00    0.00    0.15
06:11:13     all   98.89    0.00    0.59    0.00    0.00    0.00    0.00    0.00    0.00    0.52
06:11:18     all   99.88    0.00    0.11    0.00    0.00    0.00    0.01    0.00    0.00    0.00
06:11:23     all   99.91    0.00    0.09    0.00    0.00    0.00    0.00    0.00    0.00    0.00
06:11:28     all   99.92    0.00    0.06    0.00    0.00    0.00    0.00    0.00    0.00    0.01
06:11:33     all   99.86    0.00    0.14    0.00    0.00    0.00    0.00    0.00    0.00    0.00
06:11:38     all   99.90    0.00    0.07    0.00    0.00    0.00    0.01    0.00    0.00    0.01
06:11:43     all   99.27    0.00    0.38    0.00    0.00    0.00    0.00    0.00    0.00    0.35
06:11:48     all   99.85    0.00    0.14    0.00    0.00    0.00    0.00    0.00    0.00    0.01
06:11:53     all   99.90    0.00    0.10    0.00    0.00    0.00    0.00    0.00    0.00    0.00
06:11:58     all   99.83    0.00    0.17    0.00    0.00    0.00    0.00    0.00    0.00    0.00
06:12:03     all   99.80    0.00    0.19    0.00    0.00    0.00    0.01    0.00    0.00    0.00
06:12:08     all   99.84    0.00    0.15    0.00    0.00    0.00    0.01    0.00    0.00    0.00
06:12:13     all   98.25    0.00    0.46    0.00    0.00    0.00    0.00    0.00    0.00    1.29
06:12:18     all   99.81    0.00    0.18    0.00    0.00    0.00    0.01    0.00    0.00    0.00
06:12:23     all   99.74    0.00    0.26    0.00    0.00    0.00    0.00    0.00    0.00    0.00
06:12:28     all   99.82    0.00    0.18    0.00    0.00    0.00    0.00    0.00    0.00    0.00
06:12:33     all   99.84    0.00    0.16    0.00    0.00    0.00    0.00    0.00    0.00    0.00
06:12:38     all   99.80    0.00    0.20    0.00    0.00    0.00    0.00    0.00    0.00    0.00
