Linux 6.12.107+deb13-cloud-amd64 (ip-172-31-23-92) 	10/01/26 	_x86_64_	(16 CPU)

14:04:05     CPU    %usr   %nice    %sys %iowait    %irq   %soft  %steal  %guest  %gnice   %idle
14:04:10     all   96.75    0.00    2.20    0.00    0.00    0.00    0.00    0.00    0.00    1.05
14:04:15     all   98.06    0.00    1.78    0.00    0.00    0.00    0.00    0.00    0.00    0.16
14:04:20     all   98.31    0.00    1.63    0.00    0.00    0.00    0.00    0.00    0.00    0.06
14:04:25     all   98.16    0.00    1.73    0.00    0.00    0.00    0.00    0.00    0.00    0.11
14:04:30     all   98.26    0.00    1.68    0.00    0.00    0.00    0.00    0.00    0.00    0.06
14:04:35     all   98.31    0.00    1.54    0.00    0.00    0.00    0.00    0.00    0.00    0.15
14:04:40     all   96.99    0.00    2.82    0.00    0.00    0.00    0.00    0.00    0.00    0.19
14:04:45     all   98.02    0.00    1.98    0.00    0.00    0.00    0.00    0.00    0.00    0.00
14:04:50     all   97.76    0.00    2.23    0.00    0.00    0.00    0.00    0.00    0.00    0.01
14:04:55     all   97.92    0.00    2.08    0.00    0.00    0.00    0.00    0.00    0.00    0.00
14:05:00     all   97.80    0.00    2.20    0.00    0.00    0.00    0.00    0.00    0.00    0.00
14:05:05     all   97.99    0.00    2.00    0.00    0.00    0.00    0.00    0.00    0.00    0.01
14:05:10     all   95.11    0.00    3.94    0.00    0.00    0.00    0.00    0.00    0.00    0.95
14:05:15     all   97.85    0.00    2.15    0.00    0.00    0.00    0.00    0.00    0.00    0.00
14:05:20     all   97.85    0.00    2.15    0.00    0.00    0.00    0.00    0.00    0.00    0.00
14:05:25     all   97.89    0.00    2.11    0.00    0.00    0.00    0.00    0.00    0.00    0.00
14:05:30     all   98.11    0.00    1.89    0.00    0.00    0.00    0.00    0.00    0.00    0.00
14:05:35     all   97.79    0.00    2.21    0.00    0.00    0.00    0.00    0.00    0.00    0.00
14:05:40     all   98.24    0.00    0.88    0.00    0.00    0.00    0.00    0.00    0.00    0.89
14:05:45     all   99.85    0.00    0.15    0.00    0.00    0.00    0.00    0.00    0.00    0.00
14:05:50     all   99.88    0.00    0.12    0.00    0.00    0.00    0.00    0.00    0.00    0.00
14:05:55     all   99.92    0.00    0.07    0.00    0.00    0.00    0.00    0.00    0.00    0.00
14:06:00     all   99.79    0.00    0.20    0.00    0.00    0.00    0.00    0.00    0.00    0.01
14:06:05     all   99.84    0.00    0.16    0.00    0.00    0.00    0.00    0.00    0.00    0.00
14:06:10     all   98.86    0.00    0.91    0.00    0.00    0.00    0.00    0.00    0.00    0.23
14:06:15     all   99.90    0.00    0.10    0.00    0.00    0.00    0.00    0.00    0.00    0.00
14:06:20     all   99.88    0.00    0.12    0.00    0.00    0.00    0.00    0.00    0.00    0.00
14:06:25     all   99.89    0.00    0.11    0.00    0.00    0.00    0.00    0.00    0.00    0.00
14:06:30     all   99.81    0.00    0.19    0.00    0.00    0.00    0.00    0.00    0.00    0.00
14:06:35     all   99.92    0.00    0.08    0.00    0.00    0.00    0.00    0.00    0.00    0.00
14:06:40     all   96.71    0.00    1.84    0.00    0.00    0.00    0.00    0.00    0.00    1.45
