procs -----------memory---------- ---swap-- -----io---- -system-- -------cpu-------
 r  b   swpd   free   buff  cache   si   so    bi    bo   in   cs us sy id wa st gu
17  0      0 68035812  52820 61019864    0    0    84 33851 8738   20 47  3 50  0  0  0
16  0      0 68014236  52820 61019884    0    0     0     0 13274 37573 91  5  4  0  0  0
16  0      0 68011184  52820 61019884    0    0     0     0 13343 37411 92  3  4  0  0  0
16  0      0 68017164  52820 61019888    0    0     0     0 13564 37359 93  3  3  0  0  0
18  0      0 68014236  52820 61019888    0    0     0   144 13912 38397 92  5  3  0  0  0
15  0      0 68015196  52820 61019888    0    0     0     0 13635 37604 93  4  4  0  0  0
16  0      0 68014872  52820 61019892    0    0     0    28 13561 37901 94  2  3  0  0  0
17  0      0 68009616  52820 61019892    0    0     0     0 13611 38026 92  4  3  0  0  0
17  0      0 68004612  52820 61019892    0    0     0     0 13500 37508 93  4  4  0  0  0
16  0      0 68003124  52820 61019896    0    0     0     0 13432 37858 94  3  3  0  0  0
