procs -----------memory---------- ---swap-- -----io---- -system-- -------cpu-------
 r  b   swpd   free   buff  cache   si   so    bi    bo   in   cs us sy id wa st gu
18  0      0 68155084  51992 60897328    0    0    74 34453 8671   20 46  3 50  0  0  0
16  0      0 68148436  51992 60897328    0    0     0    16 15240 44502 91  5  4  0  0  0
19  0      0 68146244  51992 60897556    0    0     0     0 15118 44112 92  4  4  0  0  0
16  0      0 68142968  51992 60897560    0    0     0     0 15310 44646 92  4  4  0  0  0
17  0      0 68138432  51992 60897560    0    0     0     0 15317 45053 92  4  3  0  0  0
22  0      0 68137424  51992 60897560    0    0     0     0 15315 44404 91  5  4  0  0  0
12  0      0 68137172  51992 60897564    0    0     0    16 15251 44970 93  4  4  0  0  0
12  0      0 68140528  51996 60897564    0    0     0    12 15366 44471 91  5  4  0  0  0
16  0      0 68139016  51996 60897564    0    0     0     0 15306 44639 91  5  4  0  0  0
17  0      0 68137028  51996 60897568    0    0     0     8 15296 44699 93  3  4  0  0  0
