Linux 6.12.107+deb13-cloud-amd64 (ip-172-31-27-43) 	10/01/26 	_x86_64_	(16 CPU)

08:17:49     CPU    %usr   %nice    %sys %iowait    %irq   %soft  %steal  %guest  %gnice   %idle
08:17:54     all   97.00    0.00    1.95    0.00    0.00    0.00    0.00    0.00    0.00    1.05
08:17:59     all   98.39    0.00    1.44    0.00    0.00    0.00    0.00    0.00    0.00    0.17
08:18:04     all   97.96    0.00    1.58    0.00    0.00    0.00    0.00    0.00    0.00    0.46
08:18:09     all   97.63    0.00    1.48    0.00    0.00    0.00    0.00    0.00    0.00    0.89
08:18:14     all   97.84    0.00    1.63    0.00    0.00    0.00    0.00    0.00    0.00    0.54
08:18:19     all   97.43    0.00    1.75    0.00    0.00    0.00    0.00    0.00    0.00    0.81
08:18:24     all   97.40    0.00    2.34    0.00    0.00    0.00    0.00    0.00    0.00    0.26
08:18:29     all   98.15    0.00    1.80    0.00    0.00    0.00    0.00    0.00    0.00    0.05
08:18:34     all   98.26    0.00    1.69    0.00    0.00    0.00    0.00    0.00    0.00    0.05
08:18:39     all   98.34    0.00    1.63    0.00    0.00    0.00    0.00    0.00    0.00    0.04
08:18:44     all   98.54    0.00    1.39    0.00    0.00    0.00    0.00    0.00    0.00    0.07
08:18:49     all   98.43    0.00    1.52    0.00    0.00    0.00    0.00    0.00    0.00    0.05
08:18:54     all   95.50    0.00    3.41    0.00    0.00    0.00    0.01    0.00    0.00    1.08
08:18:59     all   98.28    0.00    1.72    0.00    0.00    0.00    0.00    0.00    0.00    0.00
08:19:04     all   97.91    0.00    2.09    0.00    0.00    0.00    0.00    0.00    0.00    0.00
08:19:09     all   98.00    0.00    2.00    0.00    0.00    0.00    0.00    0.00    0.00    0.00
08:19:14     all   98.35    0.00    1.65    0.00    0.00    0.00    0.00    0.00    0.00    0.00
08:19:19     all   97.56    0.00    2.44    0.00    0.00    0.00    0.00    0.00    0.00    0.00
08:19:24     all   98.06    0.00    0.77    0.00    0.00    0.00    0.00    0.00    0.00    1.16
08:19:29     all   99.91    0.00    0.09    0.00    0.00    0.00    0.00    0.00    0.00    0.00
08:19:34     all   99.90    0.00    0.09    0.00    0.00    0.00    0.00    0.00    0.00    0.01
08:19:39     all   99.90    0.00    0.09    0.00    0.00    0.00    0.00    0.00    0.00    0.01
08:19:44     all   99.89    0.00    0.09    0.00    0.00    0.00    0.00    0.00    0.00    0.02
08:19:49     all   99.85    0.00    0.13    0.00    0.00    0.00    0.00    0.00    0.00    0.03
08:19:54     all   98.96    0.00    0.85    0.00    0.00    0.00    0.00    0.00    0.00    0.19
08:19:59     all   99.97    0.00    0.03    0.00    0.00    0.00    0.00    0.00    0.00    0.00
08:20:04     all   99.94    0.00    0.06    0.00    0.00    0.00    0.00    0.00    0.00    0.00
08:20:09     all   99.92    0.00    0.07    0.00    0.00    0.00    0.00    0.00    0.00    0.00
08:20:14     all   99.90    0.00    0.10    0.00    0.00    0.00    0.00    0.00    0.00    0.00
08:20:19     all   99.94    0.00    0.06    0.00    0.00    0.00    0.00    0.00    0.00    0.00
08:20:24     all   97.44    0.00    1.57    0.00    0.00    0.00    0.00    0.00    0.00    0.99
08:20:29     all   99.93    0.00    0.07    0.00    0.00    0.00    0.00    0.00    0.00    0.00
08:20:34     all   99.97    0.00    0.03    0.00    0.00    0.00    0.00    0.00    0.00    0.00
08:20:39     all   99.89    0.00    0.10    0.00    0.00    0.00    0.00    0.00    0.00    0.01
08:20:44     all   99.94    0.00    0.06    0.00    0.00    0.00    0.00    0.00    0.00    0.00
08:20:49     all   99.92    0.00    0.08    0.00    0.00    0.00    0.00    0.00    0.00    0.00
08:20:54     all   91.62    0.00    5.14    0.00    0.00    0.00    0.00    0.00    0.00    3.24
08:20:59     all   92.03    0.00    5.46    0.00    0.00    0.00    0.00    0.00    0.00    2.51
08:21:04     all   91.69    0.00    5.48    0.00    0.00    0.00    0.00    0.00    0.00    2.82
08:21:09     all   91.80    0.00    5.64    0.01    0.00    0.00    0.00    0.00    0.00    2.55
08:21:14     all   91.56    0.00    5.52    0.00    0.00    0.00    0.00    0.00    0.00    2.92
08:21:19     all   91.65    0.00    5.43    0.00    0.00    0.00    0.00    0.00    0.00    2.92
08:21:24     all   93.21    0.00    5.92    0.00    0.00    0.00    0.00    0.00    0.00    0.88
08:21:29     all   93.51    0.00    6.07    0.00    0.00    0.00    0.00    0.00    0.00    0.43
08:21:34     all   93.59    0.00    6.09    0.00    0.00    0.00    0.00    0.00    0.00    0.33
08:21:39     all   93.71    0.00    6.01    0.00    0.00    0.00    0.00    0.00    0.00    0.29
08:21:44     all   93.78    0.00    5.92    0.00    0.00    0.00    0.00    0.00    0.00    0.30
08:21:49     all   93.35    0.00    6.32    0.00    0.00    0.00    0.00    0.00    0.00    0.32
08:21:54     all   92.75    0.00    5.83    0.00    0.00    0.00    0.00    0.00    0.00    1.43
08:21:59     all   93.92    0.00    6.03    0.00    0.00    0.00    0.00    0.00    0.00    0.05
08:22:04     all   93.69    0.00    6.27    0.00    0.00    0.00    0.00    0.00    0.00    0.04
08:22:09     all   93.84    0.00    6.11    0.00    0.00    0.00    0.00    0.00    0.00    0.05
08:22:14     all   93.89    0.00    6.07    0.00    0.00    0.00    0.00    0.00    0.00    0.04
08:22:19     all   93.77    0.00    6.20    0.00    0.00    0.00    0.00    0.00    0.00    0.03
08:22:24     all   95.90    0.00    2.25    0.00    0.00    0.00    0.00    0.00    0.00    1.85
08:22:29     all   97.47    0.00    1.68    0.00    0.00    0.00    0.00    0.00    0.00    0.85
08:22:34     all   97.29    0.00    1.77    0.00    0.00    0.00    0.00    0.00    0.00    0.94
08:22:39     all   97.42    0.00    1.64    0.00    0.00    0.00    0.00    0.00    0.00    0.94
08:22:44     all   97.54    0.00    1.75    0.00    0.00    0.00    0.00    0.00    0.00    0.71
08:22:49     all   97.57    0.00    1.78    0.00    0.00    0.00    0.00    0.00    0.00    0.65
08:22:54     all   97.41    0.00    2.27    0.00    0.00    0.00    0.00    0.00    0.00    0.31
08:22:59     all   98.44    0.00    1.47    0.00    0.00    0.00    0.00    0.00    0.00    0.09
08:23:04     all   98.45    0.00    1.48    0.00    0.00    0.00    0.00    0.00    0.00    0.08
08:23:09     all   98.38    0.00    1.55    0.00    0.00    0.01    0.00    0.00    0.00    0.06
08:23:14     all   98.48    0.00    1.42    0.00    0.00    0.00    0.00    0.00    0.00    0.10
08:23:19     all   98.56    0.00    1.38    0.00    0.00    0.00    0.00    0.00    0.00    0.06
08:23:24     all   95.72    0.00    3.06    0.00    0.00    0.00    0.00    0.00    0.00    1.22
08:23:29     all   98.47    0.00    1.53    0.00    0.00    0.00    0.00    0.00    0.00    0.00
08:23:34     all   98.51    0.00    1.49    0.00    0.00    0.00    0.00    0.00    0.00    0.00
08:23:39     all   98.50    0.00    1.50    0.00    0.00    0.00    0.00    0.00    0.00    0.00
08:23:44     all   97.95    0.00    2.05    0.00    0.00    0.00    0.00    0.00    0.00    0.00
08:23:49     all   97.73    0.00    2.27    0.00    0.00    0.00    0.00    0.00    0.00    0.00
08:23:54     all   98.01    0.00    0.89    0.00    0.00    0.00    0.00    0.00    0.00    1.10
08:23:59     all   99.91    0.00    0.09    0.00    0.00    0.00    0.00    0.00    0.00    0.00
08:24:04     all   99.90    0.00    0.09    0.00    0.00    0.00    0.00    0.00    0.00    0.01
08:24:09     all   99.90    0.00    0.09    0.00    0.00    0.00    0.00    0.00    0.00    0.01
08:24:14     all   99.94    0.00    0.04    0.00    0.00    0.00    0.00    0.00    0.00    0.03
08:24:19     all   99.90    0.00    0.10    0.00    0.00    0.00    0.00    0.00    0.00    0.00
08:24:24     all   98.92    0.00    0.84    0.00    0.00    0.00    0.00    0.00    0.00    0.24
08:24:29     all   99.98    0.00    0.02    0.00    0.00    0.00    0.00    0.00    0.00    0.00
08:24:34     all   99.98    0.00    0.02    0.00    0.00    0.00    0.00    0.00    0.00    0.00
08:24:39     all   99.92    0.00    0.07    0.00    0.00    0.00    0.00    0.00    0.00    0.00
08:24:44     all   99.92    0.00    0.08    0.00    0.00    0.00    0.00    0.00    0.00    0.00
08:24:49     all   99.91    0.00    0.09    0.00    0.00    0.00    0.00    0.00    0.00    0.00
08:24:54     all   97.29    0.00    1.59    0.00    0.00    0.00    0.00    0.00    0.00    1.12
08:24:59     all   99.91    0.00    0.09    0.00    0.00    0.00    0.00    0.00    0.00    0.00
08:25:04     all   99.95    0.00    0.05    0.00    0.00    0.00    0.00    0.00    0.00    0.00
08:25:09     all   99.93    0.00    0.07    0.00    0.00    0.00    0.00    0.00    0.00    0.00
08:25:14     all   99.93    0.00    0.07    0.00    0.00    0.00    0.00    0.00    0.00    0.00
08:25:19     all   99.95    0.00    0.05    0.00    0.00    0.00    0.00    0.00    0.00    0.00
08:25:24     all   92.32    0.00    5.17    0.00    0.00    0.00    0.00    0.00    0.00    2.52
08:25:29     all   92.81    0.00    5.24    0.00    0.00    0.00    0.00    0.00    0.00    1.95
08:25:34     all   92.36    0.00    5.56    0.00    0.00    0.00    0.00    0.00    0.00    2.08
08:25:39     all   91.98    0.00    5.17    0.00    0.00    0.00    0.00    0.00    0.00    2.84
08:25:44     all   91.69    0.00    5.55    0.00    0.00    0.00    0.00    0.00    0.00    2.76
08:25:49     all   92.50    0.00    4.96    0.00    0.00    0.00    0.00    0.00    0.00    2.54
08:25:54     all   93.52    0.00    5.42    0.00    0.00    0.00    0.00    0.00    0.00    1.05
08:25:59     all   93.76    0.00    5.82    0.00    0.00    0.00    0.00    0.00    0.00    0.43
08:26:04     all   93.13    0.00    6.52    0.00    0.00    0.00    0.00    0.00    0.00    0.35
08:26:09     all   93.43    0.00    6.22    0.00    0.00    0.00    0.00    0.00    0.00    0.35
08:26:14     all   93.47    0.00    6.27    0.00    0.00    0.00    0.00    0.00    0.00    0.26
08:26:19     all   94.02    0.00    5.68    0.00    0.00    0.00    0.00    0.00    0.00    0.30
08:26:24     all   92.14    0.00    6.48    0.00    0.00    0.00    0.00    0.00    0.00    1.37
08:26:29     all   93.91    0.00    6.09    0.00    0.00    0.00    0.00    0.00    0.00    0.00
08:26:34     all   94.33    0.00    5.63    0.00    0.00    0.00    0.00    0.00    0.00    0.04
08:26:39     all   93.59    0.00    6.35    0.00    0.00    0.00    0.00    0.00    0.00    0.06
08:26:44     all   94.04    0.00    5.94    0.00    0.00    0.00    0.00    0.00    0.00    0.02
08:26:49     all   94.10    0.00    5.85    0.00    0.00    0.00    0.00    0.00    0.00    0.05
