procs -----------memory---------- ---swap-- -----io---- -system-- -------cpu-------
 r  b   swpd   free   buff  cache   si   so    bi    bo   in   cs us sy id wa st gu
19  0      0 67622520  53028 61398856    0    0    84 33926 8133   19 46  3 50  0  0  0
16  0      0 67624716  53028 61398872    0    0     0     0 7178 47479 95  4  1  0  0  0
17  0      0 67623524  53028 61398872    0    0     0     0 7140 47443 95  5  1  0  0  0
18  0      0 67618864  53028 61398872    0    0     0     0 7118 47393 95  4  1  0  0  0
16  0      0 67618804  53028 61398876    0    0     0     0 7330 47175 94  4  2  0  0  0
18  0      0 67614276  53036 61398868    0    0     0    12 7129 47322 94  5  1  0  0  0
17  0      0 67612528  53036 61398876    0    0     0    12 7293 47341 95  4  1  0  0  0
16  0      0 67612708  53036 61398880    0    0     0     0 7265 47578 94  5  1  0  0  0
17  0      0 67611700  53036 61398880    0    0     0     0 7293 47568 95  5  1  0  0  0
18  0      0 67610692  53036 61398884    0    0     0     0 7452 47531 94  5  1  0  0  0
