procs -----------memory---------- ---swap-- -----io---- -system-- -------cpu-------
 r  b   swpd   free   buff  cache   si   so    bi    bo   in   cs us sy id wa st gu
19  0      0 67752256  52180 61275984    0    0    73 34527 8060   19 46  3 50  0  0  0
18  0      0 67740436  52180 61276212    0    0     0     0 14979 42607 92  5  3  0  0  0
17  0      0 67736536  52180 61276212    0    0     0     4 15101 42698 92  5  4  0  0  0
19  0      0 67736936  52180 61276216    0    0     0     0 14819 41806 91  5  4  0  0  0
21  0      0 67737068  52180 61276216    0    0     0     0 14952 42335 92  5  4  0  0  0
17  0      0 67738256  52180 61276216    0    0     0    20 15027 42465 91  6  4  0  0  0
16  0      0 67734068  52188 61276212    0    0     0    12 15116 42831 92  5  3  0  0  0
16  0      0 67735268  52188 61276220    0    0     0     0 14927 42331 93  4  4  0  0  0
16  0      0 67734200  52188 61276220    0    0     0     0 14780 41593 88  7  5  0  0  0
17  0      0 67732180  52188 61276224    0    0     0     0 14982 42180 91  5  4  0  0  0
