procs -----------memory---------- ---swap-- -----io---- -system-- -------cpu-------
 r  b   swpd   free   buff  cache   si   so    bi    bo   in   cs us sy id wa st gu
20  0      0 67689008  53104 61348732    0    0    85 34139 7757   23 47  3 50  0  0  0
18  0      0 67674932  53104 61348748    0    0     0     0 7319 47149 95  4  1  0  0  0
17  0      0 67670192  53104 61348748    0    0     0     0 7261 46996 95  4  1  0  0  0
16  0      0 67671952  53104 61348752    0    0     0     0 7229 47400 95  4  1  0  0  0
17  0      0 67666064  53104 61348752    0    0     0     0 7399 47260 95  4  1  0  0  0
16  0      0 67668076  53104 61348752    0    0     0     0 7349 47346 95  4  1  0  0  0
18  0      0 67667264  53104 61348756    0    0     0    12 7343 47351 95  5  1  0  0  0
19  0      0 67666624  53104 61348756    0    0     0     0 7239 47312 95  4  1  0  0  0
18  0      0 67667852  53104 61348756    0    0     0     0 7180 47276 95  4  1  0  0  0
18  0      0 67664540  53104 61348756    0    0     0     0 7217 47251 95  4  1  0  0  0
