procs -----------memory---------- ---swap-- -----io---- -system-- -------cpu-------
 r  b   swpd   free   buff  cache   si   so    bi    bo   in   cs us sy id wa st gu
19  0      0 67796284  52260 61226368    0    0    74 34749 7745   23 47  3 50  0  0  0
16  0      0 67791264  52260 61226596    0    0     0     0 10483 57868 93  5  2  0  0  0
19  0      0 67784028  52260 61226596    0    0     0     0 10312 58582 93  5  2  0  0  0
18  0      0 67785340  52260 61226600    0    0     0     0 10203 58719 93  6  1  0  0  0
18  0      0 67788800  52260 61226600    0    0     0     0 9364 58119 93  6  1  0  0  0
19  0      0 67785732  52260 61226600    0    0     0    20 9284 57233 93  5  3  0  0  0
16  0      0 67786520  52260 61226604    0    0     0     0 9309 58002 93  5  1  0  0  0
18  0      0 67786188  52268 61226604    0    0     0    12 8985 57961 94  5  1  0  0  0
17  0      0 67788676  52268 61226604    0    0     0     0 9060 57441 93  5  2  0  0  0
17  0      0 67788656  52268 61226608    0    0     0     0 9148 57219 92  5  3  0  0  0
