procs -----------memory---------- ---swap-- -----io---- -system-- -------cpu-------
 r  b   swpd   free   buff  cache   si   so    bi    bo   in   cs us sy id wa st gu
17  0      0 67725576  52772 61314532    0    0    82 32985 8125   19 45  3 51  0  0  0
19  0      0 67719180  52772 61314548    0    0     0     0 9962 44289 93  5  2  0  0  0
17  0      0 67716012  52772 61314548    0    0     0     0 7667 46154 94  5  1  0  0  0
18  0      0 67711088  52772 61314552    0    0     0     0 8104 46086 94  4  2  0  0  0
18  0      0 67709580  52772 61314552    0    0     0     0 7353 46577 95  4  1  0  0  0
16  0      0 67706400  52772 61314552    0    0     0     0 7168 46553 95  4  1  0  0  0
18  0      0 67702812  52772 61314556    0    0     0    16 9433 44938 94  4  1  0  0  0
19  0      0 67698700  52772 61314556    0    0     0     0 7983 46216 94  5  1  0  0  0
18  0      0 67697496  52772 61314556    0    0     0     0 7347 46798 95  5  0  0  0  0
17  0      0 67704308  52772 61314560    0    0     0     0 7665 46007 93  5  1  0  0  0
