procs -----------memory---------- ---swap-- -----io---- -system-- -------cpu-------
 r  b   swpd   free   buff  cache   si   so    bi    bo   in   cs us sy id wa st gu
17  0      0 67843796  51928 61191812    0    0    71 33555 8056   19 45  3 52  0  0  0
17  0      0 67836164  51928 61192040    0    0     0     0 14903 41673 92  4  3  0  0  0
20  0      0 67837472  51928 61192040    0    0     0     0 14836 41625 90  6  4  0  0  0
16  0      0 67833376  51928 61192040    0    0     0     0 14811 41953 91  5  4  0  0  0
16  0      0 67826932  51928 61192044    0    0     0     0 14714 41371 90  6  4  0  0  0
18  0      0 67827924  51928 61192044    0    0     0     0 15175 42832 92  4  4  0  0  0
17  0      0 67827516  51936 61192048    0    0     0    12 14977 42201 91  5  4  0  0  0
16  0      0 67826260  51936 61192048    0    0     0     0 14815 41961 92  4  4  0  0  0
17  0      0 67824064  51936 61192048    0    0     0     0 15142 42396 91  5  4  0  0  0
16  0      0 67825652  51936 61192052    0    0     0     0 15017 42560 91  5  4  0  0  0
