Linux 6.12.111+deb13-cloud-amd64 (<host>) 	10/06/26 	_x86_64_	(16 CPU)

12:11:38     CPU    %usr   %nice    %sys %iowait    %irq   %soft  %steal  %guest  %gnice   %idle
12:11:43     all   98.11    0.00    1.27    0.00    0.00    0.00    0.00    0.00    0.00    0.63
12:11:48     all   98.20    0.00    1.23    0.00    0.00    0.00    0.01    0.00    0.00    0.56
12:11:53     all   97.36    0.00    1.61    0.00    0.00    0.00    0.00    0.00    0.00    1.03
12:11:58     all   97.37    0.00    1.64    0.00    0.00    0.00    0.09    0.00    0.00    0.90
12:12:03     all   97.13    0.00    1.69    0.00    0.00    0.00    0.01    0.00    0.00    1.17
12:12:08     all   97.85    0.00    1.34    0.00    0.00    0.00    0.01    0.00    0.00    0.79
12:12:13     all   96.58    0.00    3.05    0.00    0.00    0.00    0.01    0.00    0.00    0.36
12:12:18     all   96.76    0.00    3.05    0.00    0.00    0.00    0.00    0.00    0.00    0.19
12:12:23     all   96.81    0.00    3.00    0.00    0.00    0.00    0.00    0.00    0.00    0.19
12:12:28     all   96.90    0.00    2.96    0.00    0.00    0.00    0.01    0.00    0.00    0.12
12:12:33     all   97.18    0.00    2.65    0.00    0.00    0.00    0.00    0.00    0.00    0.17
12:12:38     all   96.87    0.00    2.96    0.00    0.00    0.00    0.00    0.00    0.00    0.16
12:12:43     all   94.22    0.00    4.24    0.00    0.00    0.00    0.00    0.00    0.00    1.54
12:12:48     all   95.39    0.00    4.25    0.00    0.00    0.00    0.00    0.00    0.00    0.35
12:12:53     all   95.33    0.00    4.53    0.00    0.00    0.00    0.00    0.00    0.00    0.14
12:12:58     all   95.35    0.00    4.08    0.00    0.00    0.00    0.10    0.00    0.00    0.48
12:13:03     all   95.62    0.00    4.22    0.00    0.00    0.00    0.00    0.00    0.00    0.16
12:13:08     all   95.34    0.00    4.51    0.00    0.00    0.00    0.00    0.00    0.00    0.15
12:13:13     all   99.05    0.00    0.39    0.00    0.00    0.00    0.00    0.00    0.00    0.56
12:13:18     all   99.81    0.00    0.15    0.00    0.00    0.00    0.02    0.00    0.00    0.01
12:13:23     all   99.92    0.00    0.08    0.00    0.00    0.00    0.00    0.00    0.00    0.00
12:13:28     all   99.88    0.00    0.12    0.00    0.00    0.00    0.00    0.00    0.00    0.00
12:13:33     all   99.92    0.00    0.06    0.00    0.00    0.00    0.01    0.00    0.00    0.00
12:13:38     all   99.89    0.00    0.10    0.00    0.00    0.00    0.01    0.00    0.00    0.00
12:13:43     all   99.28    0.00    0.36    0.00    0.00    0.00    0.01    0.00    0.00    0.35
12:13:48     all   99.83    0.00    0.17    0.00    0.00    0.00    0.00    0.00    0.00    0.00
12:13:53     all   99.81    0.00    0.19    0.00    0.00    0.00    0.00    0.00    0.00    0.00
12:13:58     all   99.71    0.00    0.19    0.00    0.00    0.00    0.10    0.00    0.00    0.00
12:14:03     all   99.86    0.00    0.14    0.00    0.00    0.00    0.00    0.00    0.00    0.00
12:14:08     all   99.85    0.00    0.15    0.00    0.00    0.00    0.00    0.00    0.00    0.00
12:14:13     all   97.81    0.00    0.69    0.00    0.00    0.00    0.00    0.00    0.00    1.50
12:14:18     all   99.84    0.00    0.16    0.00    0.00    0.00    0.00    0.00    0.00    0.00
12:14:23     all   99.82    0.00    0.18    0.00    0.00    0.00    0.00    0.00    0.00    0.00
12:14:28     all   99.76    0.00    0.24    0.00    0.00    0.00    0.00    0.00    0.00    0.00
12:14:33     all   99.84    0.00    0.16    0.00    0.00    0.00    0.00    0.00    0.00    0.00
12:14:38     all   99.79    0.00    0.21    0.00    0.00    0.00    0.00    0.00    0.00    0.00
12:14:43     all   97.78    0.00    1.26    0.00    0.00    0.00    0.00    0.00    0.00    0.95
12:14:48     all   98.41    0.00    1.29    0.00    0.00    0.00    0.01    0.00    0.00    0.29
12:14:53     all   98.02    0.00    1.39    0.00    0.00    0.00    0.00    0.00    0.00    0.59
12:14:58     all   98.10    0.00    1.43    0.00    0.00    0.00    0.09    0.00    0.00    0.39
12:15:03     all   98.62    0.00    1.24    0.00    0.00    0.00    0.00    0.00    0.00    0.14
12:15:08     all   98.52    0.00    1.24    0.00    0.00    0.00    0.00    0.00    0.00    0.24
12:15:13     all   96.32    0.00    3.29    0.00    0.00    0.00    0.01    0.00    0.00    0.38
12:15:18     all   97.02    0.00    2.81    0.00    0.00    0.00    0.01    0.00    0.00    0.15
12:15:23     all   96.95    0.00    2.89    0.00    0.00    0.00    0.00    0.00    0.00    0.16
12:15:28     all   96.86    0.00    2.93    0.00    0.00    0.00    0.01    0.00    0.00    0.20
12:15:33     all   96.74    0.00    3.07    0.00    0.00    0.00    0.00    0.00    0.00    0.19
12:15:38     all   96.64    0.00    3.17    0.00    0.00    0.00    0.01    0.00    0.00    0.17
12:15:43     all   94.43    0.00    4.18    0.00    0.00    0.00    0.00    0.00    0.00    1.39
12:15:48     all   95.49    0.00    4.25    0.00    0.00    0.00    0.00    0.00    0.00    0.26
12:15:53     all   95.51    0.00    4.34    0.00    0.00    0.00    0.00    0.00    0.00    0.15
12:15:58     all   95.29    0.00    4.38    0.00    0.00    0.00    0.10    0.00    0.00    0.23
12:16:03     all   95.81    0.00    3.93    0.00    0.00    0.00    0.00    0.00    0.00    0.26
12:16:08     all   95.56    0.00    4.27    0.00    0.00    0.00    0.00    0.00    0.00    0.18
12:16:13     all   98.78    0.00    0.57    0.00    0.00    0.00    0.00    0.00    0.00    0.65
12:16:18     all   99.87    0.00    0.13    0.00    0.00    0.00    0.00    0.00    0.00    0.00
12:16:23     all   99.90    0.00    0.09    0.00    0.00    0.00    0.00    0.00    0.00    0.01
12:16:28     all   99.90    0.00    0.09    0.00    0.00    0.00    0.00    0.00    0.00    0.01
12:16:33     all   99.86    0.00    0.13    0.00    0.00    0.00    0.01    0.00    0.00    0.00
12:16:38     all   99.91    0.00    0.09    0.00    0.00    0.00    0.00    0.00    0.00    0.00
12:16:43     all   99.33    0.00    0.31    0.00    0.00    0.00    0.00    0.00    0.00    0.36
12:16:48     all   99.85    0.00    0.14    0.00    0.00    0.00    0.01    0.00    0.00    0.00
12:16:53     all   99.89    0.00    0.11    0.00    0.00    0.00    0.00    0.00    0.00    0.00
12:16:58     all   99.72    0.00    0.16    0.00    0.00    0.00    0.11    0.00    0.00    0.00
12:17:03     all   99.88    0.00    0.12    0.00    0.00    0.00    0.00    0.00    0.00    0.00
12:17:08     all   99.85    0.00    0.14    0.00    0.00    0.00    0.01    0.00    0.00    0.00
12:17:13     all   98.09    0.00    0.49    0.00    0.00    0.00    0.00    0.00    0.00    1.42
12:17:18     all   99.85    0.00    0.15    0.00    0.00    0.00    0.00    0.00    0.00    0.00
12:17:23     all   99.84    0.00    0.16    0.00    0.00    0.00    0.00    0.00    0.00    0.00
12:17:28     all   99.80    0.00    0.19    0.00    0.00    0.00    0.01    0.00    0.00    0.00
12:17:33     all   99.75    0.00    0.25    0.00    0.00    0.00    0.00    0.00    0.00    0.00
12:17:38     all   99.80    0.00    0.20    0.00    0.00    0.00    0.00    0.00    0.00    0.00
