procs -----------memory---------- ---swap-- -----io---- -system-- -------cpu-------
 r  b   swpd   free   buff  cache   si   so    bi    bo   in   cs us sy id wa st gu
17  0      0 68054388  52952 60987168    0    0    82 32957 8429   19 45  3 51  0  0  0
16  0      0 68053456  52960 60987176    0    0     0    32 13271 36598 92  4  4  0  0  0
16  0      0 68051536  52960 60987176    0    0     0     0 13454 37312 93  4  3  0  0  0
18  0      0 68046152  52960 60987176    0    0     0    15 13431 37492 94  3  3  0  0  0
16  0      0 68042192  52960 60987180    0    0     0     0 13333 36996 93  3  4  0  0  0
16  0      0 68037488  52960 60987180    0    0     0     0 13239 37170 92  4  4  0  0  0
20  0      0 68037236  52960 60987180    0    0     0    16 13459 37351 91  5  4  0  0  0
16  0      0 68036096  52960 60987184    0    0     0     0 13458 37507 92  5  3  0  0  0
16  0      0 68035388  52960 60987184    0    0     0     0 13422 37130 92  4  3  0  0  0
16  0      0 68034280  52960 60987188    0    0     0   136 13493 37366 92  4  4  0  0  0
