procs -----------memory---------- ---swap-- -----io---- -system-- -------cpu-------
 r  b   swpd   free   buff  cache   si   so    bi    bo   in   cs us sy id wa st gu
20  0      0 68167044  52164 60864724    0    0    72 33528 8360   19 45  3 52  0  0  0
16  0      0 68154108  52164 60864952    0    0     0     0 14711 42889 92  4  4  0  0  0
16  0      0 68154616  52164 60864952    0    0     0     0 15111 43327 92  5  3  0  0  0
17  0      0 68155000  52164 60864952    0    0     0    43 14887 42879 91  5  4  0  0  0
16  0      0 68153940  52164 60864956    0    0     0     0 15167 43203 92  5  4  0  0  0
16  0      0 68150908  52164 60864956    0    0     0     0 14930 42923 91  4  4  0  0  0
16  0      0 68149832  52172 60864956    0    0     0    16 15048 43750 89  6  4  0  0  0
16  0      0 68149464  52172 60864960    0    0     0     0 15204 43395 91  5  4  0  0  0
17  0      0 68146104  52172 60864960    0    0     0     0 15085 43281 91  5  4  0  0  0
16  0      0 68142272  52172 60864964    0    0     0     0 15053 43231 92  5  4  0  0  0
