procs -----------memory---------- ---swap-- -----io---- -system-- -------cpu-------
 r  b   swpd   free   buff  cache   si   so    bi    bo   in   cs us sy id wa st gu
17  0      0 71813180  74792 57214592    0    0   213 31009 1384    0  7  0 92  0  0  0
17  0      0 71817760  74796 57215396    0    0     0    20 11592 26646 97  3  0  0  0  0
18  0      0 71844668  74796 57215396    0    0     0     0 13822 26659 98  2  0  0  0  0
17  0      0 71867608  74796 57219392    0    0     0     0 14800 27358 98  1  1  0  0  0
18  0      0 71873644  74796 57219516    0    0     0     0 14708 27386 98  1  0  0  0  0
20  0      0 71879160  74796 57223512    0    0     0     0 14468 27394 98  2  0  0  0  0
18  0      0 71879480  74796 57223624    0    0     0    76 14727 27460 98  2  0  0  0  0
17  0      0 71881396  74796 57227620    0    0     0    16 14933 27503 98  1  0  0  0  0
20  0      0 71882780  74796 57227744    0    0     0     0 14903 27700 97  2  1  0  0  0
16  0      0 71884800  74796 57231744    0    0     0     0 15102 27807 98  1  1  0  0  0
19  0      0 71885052  74796 57231884    0    0     0     0 15310 28329 98  2  0  0  0  0
17  0      0 71872864  74920 57243192    0    0  2924     4 8647 27484 98  2  0  0  0  0
