procs -----------memory---------- ---swap-- -----io---- -system-- -------cpu-------
 r  b   swpd   free   buff  cache   si   so    bi    bo   in   cs us sy id wa st gu
67  0      0 70874648  74924 57229364    0    0   213 30898 1415    0  8  0 92  0  0  0
65  0      0 70939028  74924 57229400    0    0     0     0 5232 18641 97  3  0  0  0  0
64  0      0 71021052  74924 57229900    0    0     0     0 12495 17748 99  1  0  0  0  0
64  0      0 71096900  74924 57229900    0    0     0     0 12040 16995 98  2  0  0  0  0
64  0      0 71158876  74924 57234008    0    0     0     0 12102 17160 99  1  0  0  0  0
64  0      0 71217136  74924 57234024    0    0     0     0 12057 16982 98  2  0  0  0  0
65  0      0 71275516  74924 57238064    0    0     0    96 12178 17113 99  1  0  0  0  0
64  0      0 71322456  74924 57238120    0    0     0     0 12110 17085 99  1  0  0  0  0
64  0      0 71393864  74924 57242116    0    0     0   172 12112 17201 99  1  0  0  0  0
65  0      0 71446256  74924 57242244    0    0     0   240 12292 17294 99  1  0  0  0  0
66  0      0 71491316  74924 57245796    0    0     0     0 12311 17314 98  2  0  0  0  0
66  0      0 71494636  74924 57246328    0    0     0     0 12054 17016 99  1  0  0  0  0
