Linux 6.18.51-120.163.amzn2023.x86_64 (<host>) 	10/01/26 	_x86_64_	(16 CPU)

00:42:28     CPU    %usr   %nice    %sys %iowait    %irq   %soft  %steal  %guest  %gnice   %idle
00:42:33     all   97.14    0.00    1.64    0.00    0.00    0.00    0.00    0.00    0.00    1.22
00:42:38     all   97.81    0.00    1.25    0.00    0.00    0.00    0.00    0.00    0.00    0.94
00:42:43     all   97.50    0.00    1.62    0.00    0.00    0.00    0.00    0.00    0.00    0.88
00:42:48     all   97.12    0.00    1.65    0.00    0.00    0.00    0.00    0.00    0.00    1.23
00:42:53     all   97.23    0.00    1.63    0.00    0.00    0.00    0.00    0.00    0.00    1.14
00:42:58     all   97.48    0.00    1.55    0.00    0.00    0.00    0.00    0.00    0.00    0.96
00:43:03     all   98.11    0.00    1.63    0.00    0.00    0.00    0.00    0.00    0.00    0.26
00:43:08     all   98.38    0.00    1.60    0.00    0.00    0.00    0.00    0.00    0.00    0.02
00:43:13     all   98.35    0.00    1.60    0.00    0.00    0.00    0.00    0.00    0.00    0.05
00:43:18     all   98.54    0.00    1.41    0.00    0.00    0.00    0.00    0.00    0.00    0.05
00:43:23     all   98.50    0.00    1.50    0.00    0.00    0.00    0.00    0.00    0.00    0.00
00:43:28     all   98.72    0.00    1.25    0.00    0.00    0.00    0.00    0.00    0.00    0.03
00:43:33     all   96.22    0.00    2.33    0.00    0.00    0.00    0.00    0.00    0.00    1.45
00:43:38     all   98.39    0.00    1.57    0.00    0.00    0.00    0.00    0.00    0.00    0.04
00:43:43     all   98.23    0.00    1.75    0.00    0.00    0.00    0.00    0.00    0.00    0.02
00:43:48     all   98.15    0.00    1.80    0.00    0.00    0.00    0.00    0.00    0.00    0.05
00:43:53     all   98.23    0.00    1.74    0.00    0.00    0.00    0.00    0.00    0.00    0.04
00:43:58     all   98.31    0.00    1.69    0.00    0.00    0.00    0.00    0.00    0.00    0.00
00:44:03     all   98.94    0.00    0.45    0.00    0.00    0.00    0.00    0.00    0.00    0.61
00:44:08     all   99.86    0.00    0.09    0.00    0.00    0.00    0.00    0.00    0.00    0.05
00:44:13     all   99.85    0.00    0.09    0.00    0.00    0.00    0.00    0.00    0.00    0.06
00:44:18     all   99.77    0.00    0.08    0.00    0.00    0.00    0.00    0.00    0.00    0.15
00:44:23     all   99.67    0.00    0.13    0.00    0.00    0.00    0.00    0.00    0.00    0.20
00:44:28     all   99.76    0.00    0.13    0.00    0.00    0.00    0.00    0.00    0.00    0.11
00:44:33     all   99.26    0.00    0.29    0.00    0.00    0.00    0.00    0.00    0.00    0.45
00:44:38     all   99.84    0.00    0.16    0.00    0.00    0.00    0.00    0.00    0.00    0.00
00:44:43     all   99.94    0.00    0.06    0.00    0.00    0.00    0.00    0.00    0.00    0.00
00:44:48     all   99.95    0.00    0.05    0.00    0.00    0.00    0.00    0.00    0.00    0.00
00:44:53     all   99.91    0.00    0.09    0.00    0.00    0.00    0.00    0.00    0.00    0.00
00:44:58     all   99.94    0.00    0.06    0.00    0.00    0.00    0.00    0.00    0.00    0.00
00:45:03     all   97.66    0.00    0.34    0.00    0.00    0.00    0.00    0.00    0.00    2.00
00:45:08     all   99.83    0.00    0.18    0.00    0.00    0.00    0.00    0.00    0.00    0.00
00:45:13     all   99.89    0.00    0.11    0.00    0.00    0.00    0.00    0.00    0.00    0.00
00:45:18     all   99.90    0.00    0.10    0.00    0.00    0.00    0.00    0.00    0.00    0.00
00:45:23     all   99.94    0.00    0.06    0.00    0.00    0.00    0.00    0.00    0.00    0.00
00:45:28     all   99.88    0.00    0.12    0.00    0.00    0.00    0.00    0.00    0.00    0.00
00:45:33     all   21.36    0.00    0.13    0.00    0.00    0.00    0.00    0.00    0.00   78.51
00:45:38     all   18.72    0.00    0.02    0.00    0.00    0.00    0.00    0.00    0.00   81.25
00:45:43     all   18.70    0.00    0.05    0.00    0.00    0.00    0.00    0.00    0.00   81.25
00:45:48     all   18.74    0.00    0.01    0.00    0.00    0.00    0.00    0.00    0.00   81.25
00:45:53     all   18.73    0.00    0.03    0.00    0.00    0.00    0.00    0.00    0.00   81.25
00:45:58     all   18.74    0.00    0.01    0.00    0.00    0.00    0.00    0.00    0.00   81.25
00:46:03     all   18.86    0.00    0.06    0.00    0.00    0.00    0.00    0.00    0.00   81.07
00:46:08     all   18.74    0.00    0.01    0.00    0.00    0.00    0.00    0.00    0.00   81.25
00:46:13     all   18.74    0.00    0.01    0.00    0.00    0.00    0.00    0.00    0.00   81.25
00:46:18     all   18.73    0.00    0.03    0.00    0.00    0.00    0.00    0.00    0.00   81.25
00:46:23     all   18.78    0.00    0.06    0.00    0.00    0.00    0.00    0.00    0.00   81.15
00:46:28     all   18.72    0.00    0.02    0.00    0.00    0.00    0.00    0.00    0.00   81.25
00:46:33     all   18.74    0.00    0.01    0.00    0.00    0.00    0.00    0.00    0.00   81.25
00:46:38     all   18.76    0.00    0.00    0.00    0.00    0.00    0.00    0.00    0.00   81.24
00:46:43     all   18.74    0.00    0.01    0.00    0.00    0.00    0.00    0.00    0.00   81.25
00:46:48     all   18.75    0.00    0.00    0.00    0.00    0.00    0.00    0.00    0.00   81.25
00:46:53     all   18.75    0.00    0.01    0.01    0.00    0.00    0.00    0.00    0.00   81.23
00:46:58     all   18.73    0.00    0.01    0.00    0.00    0.00    0.00    0.00    0.00   81.25
00:47:03     all   18.74    0.00    0.01    0.00    0.00    0.00    0.00    0.00    0.00   81.25
00:47:08     all   18.74    0.00    0.01    0.00    0.00    0.00    0.00    0.00    0.00   81.25
00:47:13     all   18.74    0.00    0.01    0.00    0.00    0.00    0.00    0.00    0.00   81.25
00:47:18     all   18.76    0.00    0.00    0.00    0.00    0.00    0.00    0.00    0.00   81.24
00:47:23     all   18.74    0.00    0.01    0.00    0.00    0.00    0.00    0.00    0.00   81.25
00:47:28     all   18.74    0.00    0.01    0.00    0.00    0.00    0.00    0.00    0.00   81.25
00:47:33     all   18.75    0.00    0.00    0.00    0.00    0.00    0.00    0.00    0.00   81.25
00:47:38     all   18.74    0.00    0.01    0.00    0.00    0.00    0.00    0.00    0.00   81.25
00:47:43     all   18.74    0.00    0.01    0.00    0.00    0.00    0.00    0.00    0.00   81.24
00:47:48     all   18.75    0.00    0.00    0.00    0.00    0.00    0.00    0.00    0.00   81.25
00:47:53     all   18.73    0.00    0.03    0.00    0.00    0.00    0.00    0.00    0.00   81.25
00:47:58     all   18.74    0.00    0.01    0.00    0.00    0.00    0.00    0.00    0.00   81.24
00:48:03     all   18.74    0.00    0.01    0.00    0.00    0.00    0.00    0.00    0.00   81.25
00:48:08     all   18.73    0.00    0.01    0.00    0.00    0.00    0.00    0.00    0.00   81.25
00:48:13     all   18.73    0.00    0.03    0.00    0.00    0.00    0.00    0.00    0.00   81.25
00:48:18     all   18.75    0.00    0.00    0.00    0.00    0.00    0.00    0.00    0.00   81.25
00:48:23     all   18.80    0.00    0.04    0.00    0.00    0.00    0.00    0.00    0.00   81.16
00:48:28     all   18.75    0.00    0.00    0.00    0.00    0.00    0.00    0.00    0.00   81.25
00:48:33     all   18.74    0.00    0.01    0.00    0.00    0.00    0.00    0.00    0.00   81.25
00:48:38     all   18.80    0.00    0.05    0.00    0.00    0.00    0.00    0.00    0.00   81.15
00:48:43     all   18.74    0.00    0.01    0.00    0.00    0.00    0.00    0.00    0.00   81.25
00:48:48     all   18.75    0.00    0.00    0.00    0.00    0.00    0.00    0.00    0.00   81.25
00:48:53     all   18.75    0.00    0.00    0.01    0.00    0.00    0.00    0.00    0.00   81.24
00:48:58     all   18.75    0.00    0.00    0.00    0.00    0.00    0.00    0.00    0.00   81.25
00:49:03     all   18.75    0.00    0.00    0.00    0.00    0.00    0.00    0.00    0.00   81.25
00:49:08     all   18.73    0.00    0.03    0.00    0.00    0.00    0.00    0.00    0.00   81.25
00:49:13     all   18.75    0.00    0.00    0.00    0.00    0.00    0.00    0.00    0.00   81.25
00:49:18     all   18.75    0.00    0.00    0.00    0.00    0.00    0.00    0.00    0.00   81.25
00:49:23     all   18.75    0.00    0.00    0.00    0.00    0.00    0.00    0.00    0.00   81.25
00:49:28     all   18.75    0.00    0.00    0.00    0.00    0.00    0.00    0.00    0.00   81.25
00:49:33     all   18.74    0.00    0.01    0.00    0.00    0.00    0.00    0.00    0.00   81.25
00:49:38     all   18.75    0.00    0.00    0.00    0.00    0.00    0.00    0.00    0.00   81.25
00:49:43     all   64.74    0.00    0.43    0.00    0.00    0.00    0.00    0.00    0.00   34.84
00:49:48     all   99.84    0.00    0.16    0.00    0.00    0.00    0.00    0.00    0.00    0.00
00:49:53     all   99.68    0.00    0.25    0.00    0.00    0.00    0.00    0.00    0.00    0.07
00:49:58     all   99.93    0.00    0.07    0.00    0.00    0.00    0.00    0.00    0.00    0.00
00:50:03     all   99.74    0.00    0.26    0.00    0.00    0.00    0.00    0.00    0.00    0.00
00:50:08     all   99.91    0.00    0.06    0.00    0.00    0.00    0.00    0.00    0.00    0.03
00:50:13     all   96.95    0.00    1.39    0.01    0.00    0.00    0.00    0.00    0.00    1.65
00:50:18     all   97.46    0.00    1.39    0.00    0.00    0.00    0.00    0.00    0.00    1.15
00:50:23     all   97.07    0.00    1.58    0.00    0.00    0.00    0.00    0.00    0.00    1.34
00:50:28     all   97.46    0.00    1.53    0.00    0.00    0.00    0.00    0.00    0.00    1.01
00:50:33     all   97.62    0.00    1.40    0.00    0.00    0.00    0.03    0.00    0.00    0.95
00:50:38     all   97.60    0.00    1.51    0.00    0.00    0.00    0.00    0.00    0.00    0.89
00:50:43     all   97.77    0.00    1.70    0.00    0.00    0.00    0.00    0.00    0.00    0.53
00:50:48     all   98.71    0.00    1.27    0.00    0.00    0.00    0.00    0.00    0.00    0.01
00:50:53     all   98.58    0.00    1.37    0.00    0.00    0.00    0.00    0.00    0.00    0.05
00:50:58     all   98.62    0.00    1.36    0.00    0.00    0.00    0.00    0.00    0.00    0.01
00:51:03     all   98.62    0.00    1.36    0.00    0.00    0.00    0.00    0.00    0.00    0.01
00:51:08     all   98.60    0.00    1.35    0.00    0.00    0.00    0.00    0.00    0.00    0.05
00:51:13     all   96.35    0.00    1.92    0.00    0.00    0.00    0.00    0.00    0.00    1.72
00:51:18     all   98.14    0.00    1.86    0.00    0.00    0.00    0.00    0.00    0.00    0.00
00:51:23     all   98.08    0.00    1.93    0.00    0.00    0.00    0.00    0.00    0.00    0.00
00:51:28     all   97.80    0.00    2.11    0.00    0.00    0.00    0.00    0.00    0.00    0.09
00:51:33     all   98.24    0.00    1.75    0.00    0.00    0.00    0.00    0.00    0.00    0.01
00:51:38     all   98.32    0.00    1.68    0.00    0.00    0.00    0.00    0.00    0.00    0.00
00:51:43     all   98.56    0.00    0.86    0.00    0.00    0.00    0.00    0.00    0.00    0.57
00:51:48     all   99.84    0.00    0.16    0.00    0.00    0.00    0.00    0.00    0.00    0.00
00:51:53     all   99.80    0.00    0.19    0.00    0.00    0.00    0.00    0.00    0.00    0.01
00:51:58     all   99.88    0.00    0.11    0.00    0.00    0.00    0.00    0.00    0.00    0.01
00:52:03     all   99.69    0.00    0.26    0.00    0.00    0.00    0.00    0.00    0.00    0.05
00:52:08     all   99.90    0.00    0.05    0.00    0.00    0.00    0.00    0.00    0.00    0.05
00:52:13     all   99.31    0.00    0.30    0.00    0.00    0.00    0.00    0.00    0.00    0.39
00:52:18     all   99.83    0.00    0.15    0.00    0.00    0.00    0.00    0.00    0.00    0.02
00:52:23     all   99.78    0.00    0.21    0.00    0.00    0.00    0.00    0.00    0.00    0.01
00:52:28     all   99.89    0.00    0.11    0.00    0.00    0.00    0.00    0.00    0.00    0.00
00:52:33     all   99.89    0.00    0.07    0.00    0.00    0.00    0.00    0.00    0.00    0.04
00:52:38     all   99.94    0.00    0.06    0.00    0.00    0.00    0.00    0.00    0.00    0.00
00:52:43     all   98.60    0.00    0.19    0.00    0.00    0.00    0.00    0.00    0.00    1.21
00:52:48     all   99.84    0.00    0.14    0.00    0.00    0.00    0.00    0.00    0.00    0.02
00:52:53     all   99.89    0.00    0.11    0.00    0.00    0.00    0.00    0.00    0.00    0.00
00:52:58     all   99.90    0.00    0.10    0.00    0.00    0.00    0.00    0.00    0.00    0.00
00:53:03     all   99.89    0.00    0.10    0.00    0.00    0.00    0.00    0.00    0.00    0.01
00:53:08     all   99.86    0.00    0.14    0.00    0.00    0.00    0.00    0.00    0.00    0.00
00:53:13     all   35.59    0.00    0.19    0.00    0.00    0.00    0.00    0.00    0.00   64.23
00:53:18     all   18.73    0.00    0.03    0.00    0.00    0.00    0.00    0.00    0.00   81.24
00:53:23     all   18.71    0.00    0.04    0.01    0.00    0.00    0.00    0.00    0.00   81.24
00:53:28     all   18.75    0.00    0.00    0.00    0.00    0.00    0.00    0.00    0.00   81.25
00:53:33     all   18.75    0.00    0.00    0.00    0.00    0.00    0.00    0.00    0.00   81.25
00:53:38     all   18.74    0.00    0.01    0.00    0.00    0.00    0.00    0.00    0.00   81.25
00:53:43     all   18.75    0.00    0.00    0.00    0.00    0.00    0.00    0.00    0.00   81.25
00:53:48     all   18.75    0.00    0.00    0.00    0.00    0.00    0.00    0.00    0.00   81.25
00:53:53     all   18.73    0.00    0.03    0.00    0.00    0.00    0.00    0.00    0.00   81.25
00:53:58     all   18.76    0.00    0.00    0.00    0.00    0.00    0.00    0.00    0.00   81.24
00:54:03     all   18.75    0.00    0.00    0.00    0.00    0.00    0.00    0.00    0.00   81.25
00:54:08     all   18.75    0.00    0.00    0.00    0.00    0.00    0.00    0.00    0.00   81.25
00:54:13     all   18.74    0.00    0.01    0.00    0.00    0.00    0.00    0.00    0.00   81.25
00:54:18     all   18.75    0.00    0.00    0.00    0.00    0.00    0.00    0.00    0.00   81.25
00:54:23     all   18.80    0.00    0.03    0.00    0.00    0.00    0.00    0.00    0.00   81.18
00:54:28     all   18.73    0.00    0.03    0.00    0.00    0.00    0.00    0.00    0.00   81.25
00:54:33     all   18.75    0.00    0.00    0.00    0.00    0.00    0.00    0.00    0.00   81.25
00:54:38     all   18.74    0.00    0.01    0.00    0.00    0.00    0.00    0.00    0.00   81.25
00:54:43     all   18.73    0.00    0.03    0.00    0.00    0.00    0.00    0.00    0.00   81.25
00:54:48     all   18.75    0.00    0.00    0.00    0.00    0.00    0.00    0.00    0.00   81.25
00:54:53     all   18.74    0.00    0.01    0.00    0.00    0.00    0.00    0.00    0.00   81.25
00:54:58     all   18.74    0.00    0.01    0.00    0.00    0.00    0.00    0.00    0.00   81.25
00:55:03     all   18.74    0.00    0.01    0.00    0.00    0.00    0.00    0.00    0.00   81.25
00:55:08     all   18.74    0.00    0.01    0.00    0.00    0.00    0.00    0.00    0.00   81.25
00:55:13     all   18.75    0.00    0.00    0.00    0.00    0.00    0.00    0.00    0.00   81.25
00:55:18     all   18.74    0.00    0.01    0.00    0.00    0.00    0.00    0.00    0.00   81.25
00:55:23     all   18.75    0.00    0.00    0.00    0.00    0.00    0.00    0.00    0.00   81.25
00:55:28     all   18.75    0.00    0.00    0.00    0.00    0.00    0.00    0.00    0.00   81.25
00:55:33     all   18.73    0.00    0.03    0.00    0.00    0.00    0.00    0.00    0.00   81.25
00:55:38     all   18.74    0.00    0.01    0.00    0.00    0.00    0.00    0.00    0.00   81.25
00:55:43     all   18.75    0.00    0.00    0.00    0.00    0.00    0.00    0.00    0.00   81.25
00:55:48     all   18.75    0.00    0.00    0.00    0.00    0.00    0.00    0.00    0.00   81.25
00:55:53     all   18.75    0.00    0.00    0.00    0.00    0.00    0.00    0.00    0.00   81.25
00:55:58     all   18.73    0.00    0.03    0.00    0.00    0.00    0.00    0.00    0.00   81.25
00:56:03     all   18.88    0.00    0.04    0.03    0.00    0.00    0.00    0.00    0.00   81.06
00:56:08     all   18.75    0.00    0.00    0.00    0.00    0.00    0.00    0.00    0.00   81.25
00:56:13     all   18.74    0.00    0.01    0.00    0.00    0.00    0.00    0.00    0.00   81.25
00:56:18     all   18.75    0.00    0.00    0.00    0.00    0.00    0.00    0.00    0.00   81.25
00:56:23     all   18.78    0.00    0.04    0.00    0.00    0.00    0.00    0.00    0.00   81.18
00:56:28     all   18.74    0.00    0.01    0.00    0.00    0.00    0.00    0.00    0.00   81.25
00:56:33     all   18.75    0.00    0.00    0.00    0.00    0.00    0.01    0.00    0.00   81.24
00:56:38     all   18.73    0.00    0.03    0.00    0.00    0.00    0.00    0.00    0.00   81.24
00:56:43     all   18.75    0.00    0.00    0.00    0.00    0.00    0.00    0.00    0.00   81.25
00:56:48     all   18.71    0.00    0.04    0.00    0.00    0.00    0.00    0.00    0.00   81.25
00:56:53     all   18.75    0.00    0.00    0.00    0.00    0.00    0.00    0.00    0.00   81.25
00:56:58     all   18.74    0.00    0.01    0.00    0.00    0.00    0.00    0.00    0.00   81.25
00:57:03     all   18.75    0.00    0.00    0.00    0.00    0.00    0.00    0.00    0.00   81.25
00:57:08     all   18.75    0.00    0.00    0.00    0.00    0.00    0.00    0.00    0.00   81.25
00:57:13     all   18.74    0.00    0.01    0.00    0.00    0.00    0.01    0.00    0.00   81.24
00:57:18     all   18.75    0.00    0.00    0.00    0.00    0.00    0.00    0.00    0.00   81.25
00:57:23     all   70.81    0.00    0.52    0.00    0.00    0.00    0.00    0.00    0.00   28.67
00:57:28     all   99.75    0.00    0.24    0.00    0.00    0.00    0.01    0.00    0.00    0.00
00:57:33     all   99.84    0.00    0.16    0.00    0.00    0.00    0.00    0.00    0.00    0.00
00:57:38     all   99.79    0.00    0.21    0.00    0.00    0.00    0.00    0.00    0.00    0.00
00:57:43     all   99.76    0.00    0.24    0.00    0.00    0.00    0.00    0.00    0.00    0.00
00:57:48     all   99.94    0.00    0.06    0.00    0.00    0.00    0.00    0.00    0.00    0.00
00:57:53     all   99.94    0.00    0.06    0.00    0.00    0.00    0.00    0.00    0.00    0.00
00:57:58     all   99.98    0.00    0.03    0.00    0.00    0.00    0.00    0.00    0.00    0.00
00:58:03     all   99.95    0.00    0.05    0.00    0.00    0.00    0.00    0.00    0.00    0.00
00:58:08     all   99.95    0.00    0.05    0.00    0.00    0.00    0.00    0.00    0.00    0.00
00:58:13     all   99.93    0.00    0.07    0.00    0.00    0.00    0.00    0.00    0.00    0.00
00:58:18     all   99.99    0.00    0.01    0.00    0.00    0.00    0.00    0.00    0.00    0.00
00:58:23     all   99.86    0.00    0.10    0.00    0.00    0.00    0.00    0.00    0.00    0.04
00:58:28     all   99.92    0.00    0.07    0.00    0.00    0.00    0.00    0.00    0.00    0.00
00:58:33     all   99.89    0.00    0.11    0.00    0.00    0.00    0.00    0.00    0.00    0.00
00:58:38     all   99.98    0.00    0.03    0.00    0.00    0.00    0.00    0.00    0.00    0.00
00:58:43     all   99.98    0.00    0.03    0.00    0.00    0.00    0.00    0.00    0.00    0.00
00:58:48     all   99.94    0.00    0.06    0.00    0.00    0.00    0.00    0.00    0.00    0.00
00:58:53     all   99.96    0.00    0.04    0.00    0.00    0.00    0.00    0.00    0.00    0.00
00:58:58     all   99.95    0.00    0.05    0.00    0.00    0.00    0.00    0.00    0.00    0.00
00:59:03     all   99.96    0.00    0.04    0.00    0.00    0.00    0.00    0.00    0.00    0.00
00:59:08     all   99.98    0.00    0.03    0.00    0.00    0.00    0.00    0.00    0.00    0.00
00:59:13     all   99.99    0.00    0.01    0.00    0.00    0.00    0.00    0.00    0.00    0.00
00:59:18     all   99.95    0.00    0.05    0.00    0.00    0.00    0.00    0.00    0.00    0.00
00:59:23     all  100.00    0.00    0.00    0.00    0.00    0.00    0.00    0.00    0.00    0.00
00:59:28     all   99.96    0.00    0.04    0.00    0.00    0.00    0.00    0.00    0.00    0.00
00:59:33     all   99.99    0.00    0.01    0.00    0.00    0.00    0.00    0.00    0.00    0.00
00:59:38     all   99.98    0.00    0.03    0.00    0.00    0.00    0.00    0.00    0.00    0.00
00:59:43     all   99.96    0.00    0.04    0.00    0.00    0.00    0.00    0.00    0.00    0.00
00:59:48     all   99.92    0.00    0.07    0.00    0.00    0.00    0.00    0.00    0.00    0.00
00:59:53     all   99.95    0.00    0.05    0.00    0.00    0.00    0.00    0.00    0.00    0.00
00:59:58     all   99.98    0.00    0.03    0.00    0.00    0.00    0.00    0.00    0.00    0.00
01:00:03     all   99.96    0.00    0.04    0.00    0.00    0.00    0.00    0.00    0.00    0.00
01:00:08     all   99.98    0.00    0.03    0.00    0.00    0.00    0.00    0.00    0.00    0.00
01:00:13     all  100.00    0.00    0.00    0.00    0.00    0.00    0.00    0.00    0.00    0.00
01:00:18     all   99.99    0.00    0.01    0.00    0.00    0.00    0.00    0.00    0.00    0.00
01:00:23     all   99.91    0.00    0.06    0.00    0.00    0.00    0.00    0.00    0.00    0.03
01:00:28     all   99.92    0.00    0.07    0.00    0.00    0.00    0.00    0.00    0.00    0.00
01:00:33     all   99.98    0.00    0.02    0.00    0.00    0.00    0.00    0.00    0.00    0.00
01:00:38     all   99.98    0.00    0.03    0.00    0.00    0.00    0.00    0.00    0.00    0.00
01:00:43     all   99.98    0.00    0.03    0.00    0.00    0.00    0.00    0.00    0.00    0.00
01:00:48     all   99.96    0.00    0.04    0.00    0.00    0.00    0.00    0.00    0.00    0.00
01:00:53     all   99.90    0.00    0.10    0.00    0.00    0.00    0.00    0.00    0.00    0.00
01:00:58     all   99.95    0.00    0.05    0.00    0.00    0.00    0.00    0.00    0.00    0.00
01:01:03     all   99.91    0.00    0.09    0.00    0.00    0.00    0.00    0.00    0.00    0.00
01:01:08     all   99.96    0.00    0.04    0.00    0.00    0.00    0.00    0.00    0.00    0.00
01:01:13     all   99.90    0.00    0.10    0.00    0.00    0.00    0.00    0.00    0.00    0.00
01:01:18     all   99.96    0.00    0.04    0.00    0.00    0.00    0.00    0.00    0.00    0.00
01:01:23     all   99.95    0.00    0.05    0.00    0.00    0.00    0.00    0.00    0.00    0.00
01:01:28     all   99.95    0.00    0.05    0.00    0.00    0.00    0.00    0.00    0.00    0.00
01:01:33     all   99.99    0.00    0.01    0.00    0.00    0.00    0.00    0.00    0.00    0.00
01:01:38     all   99.95    0.00    0.05    0.00    0.00    0.00    0.00    0.00    0.00    0.00
01:01:43     all   99.95    0.00    0.05    0.00    0.00    0.00    0.00    0.00    0.00    0.00
01:01:48     all   99.98    0.00    0.03    0.00    0.00    0.00    0.00    0.00    0.00    0.00
01:01:53     all   99.98    0.00    0.03    0.00    0.00    0.00    0.00    0.00    0.00    0.00
01:01:58     all   99.95    0.00    0.05    0.00    0.00    0.00    0.00    0.00    0.00    0.00
01:02:03     all   99.94    0.00    0.06    0.00    0.00    0.00    0.00    0.00    0.00    0.00
01:02:08     all   99.94    0.00    0.06    0.00    0.00    0.00    0.00    0.00    0.00    0.00
01:02:13     all   99.95    0.00    0.05    0.00    0.00    0.00    0.00    0.00    0.00    0.00
01:02:18     all   99.96    0.00    0.04    0.00    0.00    0.00    0.00    0.00    0.00    0.00
01:02:23     all   99.85    0.00    0.04    0.00    0.00    0.00    0.00    0.00    0.00    0.11
01:02:28     all   99.95    0.00    0.05    0.00    0.00    0.00    0.00    0.00    0.00    0.00
01:02:33     all   99.94    0.00    0.06    0.00    0.00    0.00    0.00    0.00    0.00    0.00
01:02:38     all   99.96    0.00    0.04    0.00    0.00    0.00    0.00    0.00    0.00    0.00
01:02:43     all   99.96    0.00    0.04    0.00    0.00    0.00    0.00    0.00    0.00    0.00
01:02:48     all   99.91    0.00    0.09    0.00    0.00    0.00    0.00    0.00    0.00    0.00
01:02:53     all   99.98    0.00    0.03    0.00    0.00    0.00    0.00    0.00    0.00    0.00
01:02:58     all   99.96    0.00    0.04    0.00    0.00    0.00    0.00    0.00    0.00    0.00
01:03:03     all   99.94    0.00    0.06    0.00    0.00    0.00    0.00    0.00    0.00    0.00
01:03:08     all   99.94    0.00    0.06    0.00    0.00    0.00    0.00    0.00    0.00    0.00
01:03:13     all   99.92    0.00    0.07    0.00    0.00    0.00    0.00    0.00    0.00    0.00
01:03:18     all   99.99    0.00    0.01    0.00    0.00    0.00    0.00    0.00    0.00    0.00
01:03:23     all   99.98    0.00    0.03    0.00    0.00    0.00    0.00    0.00    0.00    0.00
01:03:28     all   99.95    0.00    0.05    0.00    0.00    0.00    0.00    0.00    0.00    0.00
01:03:33     all   99.95    0.00    0.05    0.00    0.00    0.00    0.00    0.00    0.00    0.00
01:03:38     all   99.94    0.00    0.06    0.00    0.00    0.00    0.00    0.00    0.00    0.00
01:03:43     all   99.98    0.00    0.03    0.00    0.00    0.00    0.00    0.00    0.00    0.00
01:03:48     all   99.96    0.00    0.04    0.00    0.00    0.00    0.00    0.00    0.00    0.00
01:03:53     all   99.95    0.00    0.05    0.00    0.00    0.00    0.00    0.00    0.00    0.00
01:03:58     all   99.75    0.00    0.06    0.00    0.00    0.00    0.00    0.00    0.00    0.19
01:04:03     all   99.95    0.00    0.05    0.00    0.00    0.00    0.00    0.00    0.00    0.00
01:04:08     all   99.98    0.00    0.03    0.00    0.00    0.00    0.00    0.00    0.00    0.00
