Linux 6.12.107+deb13-cloud-amd64 (ip-172-31-16-158) 	10/01/26 	_x86_64_	(16 CPU)

06:18:53     CPU    %usr   %nice    %sys %iowait    %irq   %soft  %steal  %guest  %gnice   %idle
06:18:58     all   97.57    0.00    1.44    0.00    0.00    0.00    0.00    0.00    0.00    0.99
06:19:03     all   98.85    0.00    1.06    0.00    0.00    0.00    0.00    0.00    0.00    0.09
06:19:08     all   98.76    0.00    1.08    0.00    0.00    0.00    0.00    0.00    0.00    0.16
06:19:13     all   98.62    0.00    1.26    0.00    0.00    0.00    0.00    0.00    0.00    0.11
06:19:18     all   98.69    0.00    1.21    0.00    0.00    0.00    0.00    0.00    0.00    0.10
06:19:23     all   98.52    0.00    1.38    0.00    0.00    0.00    0.00    0.00    0.00    0.10
06:19:28     all   97.39    0.00    2.40    0.00    0.00    0.00    0.00    0.00    0.00    0.21
06:19:33     all   98.73    0.00    1.27    0.00    0.00    0.00    0.00    0.00    0.00    0.00
06:19:38     all   98.30    0.00    1.70    0.00    0.00    0.00    0.00    0.00    0.00    0.00
06:19:43     all   98.69    0.00    1.31    0.00    0.00    0.00    0.00    0.00    0.00    0.00
06:19:48     all   98.49    0.00    1.51    0.00    0.00    0.00    0.00    0.00    0.00    0.00
06:19:53     all   98.48    0.00    1.52    0.00    0.00    0.00    0.00    0.00    0.00    0.00
06:19:58     all   96.33    0.00    2.66    0.00    0.00    0.00    0.00    0.00    0.00    1.00
06:20:03     all   98.75    0.00    1.25    0.00    0.00    0.00    0.00    0.00    0.00    0.00
06:20:08     all   98.55    0.00    1.45    0.00    0.00    0.00    0.00    0.00    0.00    0.00
06:20:13     all   98.68    0.00    1.32    0.00    0.00    0.00    0.00    0.00    0.00    0.00
06:20:18     all   98.75    0.00    1.25    0.00    0.00    0.00    0.00    0.00    0.00    0.00
06:20:23     all   98.72    0.00    1.28    0.00    0.00    0.00    0.00    0.00    0.00    0.00
06:20:28     all   97.84    0.00    0.85    0.00    0.00    0.00    0.00    0.00    0.00    1.31
06:20:33     all   99.91    0.00    0.09    0.00    0.00    0.00    0.00    0.00    0.00    0.00
06:20:38     all   99.89    0.00    0.10    0.00    0.00    0.00    0.00    0.00    0.00    0.01
06:20:43     all   99.89    0.00    0.11    0.00    0.00    0.00    0.00    0.00    0.00    0.00
06:20:48     all   99.90    0.00    0.09    0.00    0.00    0.00    0.00    0.00    0.00    0.01
06:20:53     all   99.88    0.00    0.12    0.00    0.00    0.00    0.00    0.00    0.00    0.00
06:20:58     all   98.75    0.00    0.96    0.00    0.00    0.00    0.00    0.00    0.00    0.29
06:21:03     all   99.91    0.00    0.09    0.00    0.00    0.00    0.00    0.00    0.00    0.00
06:21:08     all   99.95    0.00    0.05    0.00    0.00    0.00    0.00    0.00    0.00    0.00
06:21:13     all   99.95    0.00    0.05    0.00    0.00    0.00    0.00    0.00    0.00    0.00
06:21:18     all   99.86    0.00    0.14    0.00    0.00    0.00    0.00    0.00    0.00    0.00
06:21:23     all   99.92    0.00    0.08    0.00    0.00    0.00    0.00    0.00    0.00    0.00
06:21:28     all   96.65    0.00    1.61    0.00    0.00    0.00    0.00    0.00    0.00    1.74
06:21:33     all   99.89    0.00    0.11    0.00    0.00    0.00    0.00    0.00    0.00    0.00
06:21:38     all   99.95    0.00    0.05    0.00    0.00    0.00    0.00    0.00    0.00    0.00
06:21:43     all   99.95    0.00    0.05    0.00    0.00    0.00    0.00    0.00    0.00    0.00
06:21:48     all   99.97    0.00    0.03    0.00    0.00    0.00    0.00    0.00    0.00    0.00
06:21:53     all   99.92    0.00    0.07    0.00    0.00    0.00    0.00    0.00    0.00    0.00
06:21:58     all   91.03    0.00    5.66    0.00    0.00    0.00    0.00    0.00    0.00    3.31
06:22:03     all   91.81    0.00    5.92    0.00    0.00    0.00    0.00    0.00    0.00    2.27
06:22:08     all   92.12    0.00    5.80    0.00    0.00    0.00    0.00    0.00    0.00    2.07
06:22:13     all   91.91    0.00    5.89    0.00    0.00    0.00    0.00    0.00    0.00    2.19
06:22:18     all   92.11    0.00    5.60    0.00    0.00    0.00    0.00    0.00    0.00    2.29
06:22:23     all   91.61    0.00    6.08    0.00    0.00    0.00    0.00    0.00    0.00    2.30
06:22:28     all   93.30    0.00    6.34    0.00    0.00    0.00    0.00    0.00    0.00    0.36
06:22:33     all   93.57    0.00    6.40    0.00    0.00    0.00    0.00    0.00    0.00    0.03
06:22:38     all   93.95    0.00    6.05    0.00    0.00    0.00    0.00    0.00    0.00    0.00
06:22:43     all   94.05    0.00    5.94    0.00    0.00    0.00    0.00    0.00    0.00    0.01
06:22:48     all   93.57    0.00    6.39    0.00    0.00    0.00    0.00    0.00    0.00    0.04
06:22:53     all   93.25    0.00    6.74    0.00    0.00    0.00    0.00    0.00    0.00    0.01
06:22:58     all   91.46    0.00    7.33    0.00    0.00    0.00    0.00    0.00    0.00    1.21
06:23:03     all   93.18    0.00    6.82    0.00    0.00    0.00    0.00    0.00    0.00    0.00
06:23:08     all   93.01    0.00    6.99    0.00    0.00    0.00    0.00    0.00    0.00    0.00
06:23:13     all   93.64    0.00    6.36    0.00    0.00    0.00    0.00    0.00    0.00    0.00
06:23:18     all   93.01    0.00    6.99    0.00    0.00    0.00    0.00    0.00    0.00    0.00
06:23:23     all   93.56    0.00    6.44    0.00    0.00    0.00    0.00    0.00    0.00    0.00
06:23:28     all   96.05    0.00    2.02    0.00    0.00    0.00    0.00    0.00    0.00    1.93
06:23:33     all   98.01    0.00    1.24    0.00    0.00    0.00    0.00    0.00    0.00    0.75
06:23:38     all   98.19    0.00    1.35    0.00    0.00    0.00    0.00    0.00    0.00    0.46
06:23:43     all   98.79    0.00    1.05    0.00    0.00    0.00    0.00    0.00    0.00    0.16
06:23:48     all   98.25    0.00    1.19    0.00    0.00    0.00    0.00    0.00    0.00    0.56
06:23:53     all   98.55    0.00    0.96    0.00    0.00    0.00    0.00    0.00    0.00    0.49
06:23:58     all   97.60    0.00    2.24    0.00    0.00    0.00    0.00    0.00    0.00    0.16
06:24:03     all   98.62    0.00    1.38    0.00    0.00    0.00    0.00    0.00    0.00    0.00
06:24:08     all   98.64    0.00    1.35    0.00    0.00    0.00    0.00    0.00    0.00    0.01
06:24:13     all   98.49    0.00    1.51    0.00    0.00    0.00    0.00    0.00    0.00    0.00
06:24:18     all   98.49    0.00    1.50    0.00    0.00    0.00    0.00    0.00    0.00    0.01
06:24:23     all   98.48    0.00    1.52    0.00    0.00    0.00    0.00    0.00    0.00    0.00
06:24:28     all   96.66    0.00    2.67    0.00    0.00    0.00    0.00    0.00    0.00    0.66
06:24:33     all   98.46    0.00    1.54    0.00    0.00    0.00    0.00    0.00    0.00    0.00
06:24:38     all   98.66    0.00    1.34    0.00    0.00    0.00    0.00    0.00    0.00    0.00
06:24:43     all   98.82    0.00    1.18    0.00    0.00    0.00    0.00    0.00    0.00    0.00
06:24:48     all   98.73    0.00    1.27    0.00    0.00    0.00    0.00    0.00    0.00    0.00
06:24:53     all   98.75    0.00    1.25    0.00    0.00    0.00    0.00    0.00    0.00    0.00
06:24:58     all   98.00    0.00    0.95    0.00    0.00    0.00    0.00    0.00    0.00    1.05
06:25:03     all   99.94    0.00    0.06    0.00    0.00    0.00    0.00    0.00    0.00    0.00
06:25:08     all   99.90    0.00    0.10    0.00    0.00    0.00    0.00    0.00    0.00    0.00
06:25:13     all   99.93    0.00    0.07    0.00    0.00    0.00    0.00    0.00    0.00    0.00
06:25:18     all   99.91    0.00    0.08    0.00    0.00    0.00    0.00    0.00    0.00    0.01
06:25:23     all   99.93    0.00    0.07    0.00    0.00    0.00    0.00    0.00    0.00    0.00
06:25:28     all   98.70    0.00    0.91    0.00    0.00    0.00    0.00    0.00    0.00    0.39
06:25:33     all   99.91    0.00    0.09    0.00    0.00    0.00    0.00    0.00    0.00    0.00
06:25:38     all   99.94    0.00    0.06    0.00    0.00    0.00    0.00    0.00    0.00    0.00
06:25:43     all   99.94    0.00    0.06    0.00    0.00    0.00    0.00    0.00    0.00    0.00
06:25:48     all   99.94    0.00    0.06    0.00    0.00    0.00    0.00    0.00    0.00    0.00
06:25:53     all   99.94    0.00    0.06    0.00    0.00    0.00    0.00    0.00    0.00    0.00
06:25:58     all   97.22    0.00    1.44    0.00    0.00    0.00    0.00    0.00    0.00    1.34
06:26:03     all   99.93    0.00    0.07    0.00    0.00    0.00    0.00    0.00    0.00    0.00
06:26:08     all   99.95    0.00    0.05    0.00    0.00    0.00    0.00    0.00    0.00    0.00
06:26:13     all   99.94    0.00    0.06    0.00    0.00    0.00    0.00    0.00    0.00    0.00
06:26:18     all   99.95    0.00    0.05    0.00    0.00    0.00    0.00    0.00    0.00    0.00
06:26:23     all   99.92    0.00    0.08    0.00    0.00    0.00    0.00    0.00    0.00    0.00
06:26:28     all   92.22    0.00    5.37    0.00    0.00    0.00    0.00    0.00    0.00    2.41
06:26:33     all   92.01    0.00    5.84    0.00    0.00    0.00    0.00    0.00    0.00    2.16
06:26:38     all   91.96    0.00    5.92    0.00    0.00    0.00    0.01    0.00    0.00    2.12
06:26:43     all   92.05    0.00    5.88    0.00    0.00    0.00    0.00    0.00    0.00    2.06
06:26:48     all   92.25    0.00    5.76    0.00    0.00    0.00    0.00    0.00    0.00    2.00
06:26:53     all   92.47    0.00    5.44    0.00    0.00    0.00    0.00    0.00    0.00    2.09
06:26:58     all   93.20    0.00    6.37    0.00    0.00    0.00    0.00    0.00    0.00    0.44
06:27:03     all   93.66    0.00    6.34    0.00    0.00    0.00    0.00    0.00    0.00    0.00
06:27:08     all   94.36    0.00    5.62    0.00    0.00    0.00    0.00    0.00    0.00    0.01
06:27:13     all   92.91    0.00    7.09    0.00    0.00    0.00    0.00    0.00    0.00    0.00
06:27:18     all   93.72    0.00    6.27    0.00    0.00    0.00    0.00    0.00    0.00    0.01
06:27:23     all   93.58    0.00    6.40    0.00    0.00    0.00    0.00    0.00    0.00    0.02
06:27:28     all   92.07    0.00    6.93    0.00    0.00    0.00    0.00    0.00    0.00    1.00
06:27:33     all   93.79    0.00    6.21    0.00    0.00    0.00    0.00    0.00    0.00    0.00
06:27:38     all   93.55    0.00    6.44    0.00    0.00    0.00    0.01    0.00    0.00    0.00
06:27:43     all   93.42    0.00    6.58    0.00    0.00    0.00    0.00    0.00    0.00    0.00
06:27:48     all   93.33    0.00    6.67    0.00    0.00    0.00    0.00    0.00    0.00    0.00
06:27:53     all   93.37    0.00    6.63    0.00    0.00    0.00    0.00    0.00    0.00    0.00
