Linux 6.12.107+deb13-cloud-amd64 (ip-172-31-16-19) 	10/01/26 	_x86_64_	(16 CPU)

14:38:43     CPU    %usr   %nice    %sys %iowait    %irq   %soft  %steal  %guest  %gnice   %idle
14:38:48     all   97.01    0.00    1.85    0.00    0.00    0.00    0.00    0.00    0.00    1.14
14:38:53     all   97.85    0.00    1.95    0.00    0.00    0.00    0.01    0.00    0.00    0.19
14:38:58     all   98.30    0.00    1.50    0.00    0.00    0.00    0.00    0.00    0.00    0.20
14:39:03     all   98.01    0.00    1.56    0.00    0.00    0.00    0.00    0.00    0.00    0.43
14:39:08     all   97.63    0.00    1.67    0.00    0.00    0.00    0.00    0.00    0.00    0.70
14:39:13     all   97.40    0.00    1.76    0.00    0.00    0.00    0.00    0.00    0.00    0.84
14:39:18     all   97.58    0.00    2.21    0.00    0.00    0.00    0.00    0.00    0.00    0.21
14:39:23     all   98.30    0.00    1.62    0.00    0.00    0.00    0.00    0.00    0.00    0.07
14:39:28     all   98.30    0.00    1.64    0.00    0.00    0.00    0.00    0.00    0.00    0.06
14:39:33     all   98.39    0.00    1.56    0.00    0.00    0.00    0.00    0.00    0.00    0.05
14:39:38     all   98.34    0.00    1.57    0.00    0.00    0.00    0.00    0.00    0.00    0.09
14:39:43     all   98.72    0.00    1.25    0.00    0.00    0.00    0.00    0.00    0.00    0.03
14:39:48     all   95.74    0.00    3.07    0.00    0.00    0.00    0.00    0.00    0.00    1.19
14:39:53     all   98.80    0.00    1.20    0.00    0.00    0.00    0.00    0.00    0.00    0.00
14:39:58     all   98.64    0.00    1.36    0.00    0.00    0.00    0.00    0.00    0.00    0.00
14:40:03     all   98.33    0.00    1.67    0.00    0.00    0.00    0.00    0.00    0.00    0.00
14:40:08     all   98.64    0.00    1.36    0.00    0.00    0.00    0.00    0.00    0.00    0.00
14:40:13     all   98.78    0.00    1.22    0.00    0.00    0.00    0.00    0.00    0.00    0.00
14:40:18     all   98.22    0.00    0.81    0.00    0.00    0.00    0.00    0.00    0.00    0.96
14:40:23     all   99.90    0.00    0.09    0.00    0.00    0.00    0.00    0.00    0.00    0.01
14:40:28     all   99.89    0.00    0.10    0.00    0.00    0.00    0.00    0.00    0.00    0.01
14:40:33     all   99.81    0.00    0.19    0.00    0.00    0.00    0.00    0.00    0.00    0.00
14:40:38     all   99.85    0.00    0.15    0.00    0.00    0.00    0.00    0.00    0.00    0.00
14:40:43     all   99.80    0.00    0.20    0.00    0.00    0.00    0.00    0.00    0.00    0.00
14:40:48     all   98.95    0.00    0.73    0.00    0.00    0.00    0.00    0.00    0.00    0.33
14:40:53     all   99.86    0.00    0.14    0.00    0.00    0.00    0.00    0.00    0.00    0.00
14:40:58     all   99.91    0.00    0.09    0.00    0.00    0.00    0.00    0.00    0.00    0.00
14:41:03     all   99.92    0.00    0.08    0.00    0.00    0.00    0.00    0.00    0.00    0.00
14:41:08     all   99.90    0.00    0.10    0.00    0.00    0.00    0.00    0.00    0.00    0.00
14:41:13     all   99.91    0.00    0.09    0.00    0.00    0.00    0.00    0.00    0.00    0.00
14:41:18     all   97.37    0.00    1.71    0.00    0.00    0.00    0.00    0.00    0.00    0.92
14:41:23     all   99.90    0.00    0.10    0.00    0.00    0.00    0.00    0.00    0.00    0.00
14:41:28     all   99.91    0.00    0.09    0.00    0.00    0.00    0.00    0.00    0.00    0.00
14:41:33     all   99.90    0.00    0.10    0.00    0.00    0.00    0.00    0.00    0.00    0.00
14:41:38     all   99.93    0.00    0.07    0.00    0.00    0.00    0.00    0.00    0.00    0.00
14:41:43     all   99.88    0.00    0.12    0.00    0.00    0.00    0.00    0.00    0.00    0.00
14:41:48     all   91.29    0.00    5.42    0.00    0.00    0.00    0.00    0.00    0.00    3.29
14:41:53     all   92.29    0.00    5.49    0.00    0.00    0.00    0.00    0.00    0.00    2.21
14:41:58     all   92.60    0.00    5.05    0.00    0.00    0.00    0.00    0.00    0.00    2.34
14:42:03     all   92.16    0.00    5.33    0.00    0.00    0.00    0.00    0.00    0.00    2.51
14:42:08     all   92.70    0.00    5.10    0.00    0.00    0.00    0.00    0.00    0.00    2.20
14:42:13     all   92.45    0.00    5.20    0.00    0.00    0.00    0.00    0.00    0.00    2.34
14:42:18     all   93.60    0.00    5.55    0.00    0.00    0.00    0.00    0.00    0.00    0.85
14:42:23     all   93.55    0.00    6.00    0.00    0.00    0.00    0.00    0.00    0.00    0.45
14:42:28     all   93.31    0.00    6.43    0.00    0.00    0.00    0.00    0.00    0.00    0.26
14:42:33     all   93.33    0.00    6.37    0.00    0.00    0.00    0.00    0.00    0.00    0.30
14:42:38     all   93.30    0.00    6.38    0.00    0.00    0.00    0.00    0.00    0.00    0.31
14:42:43     all   93.84    0.00    5.88    0.00    0.00    0.00    0.00    0.00    0.00    0.29
14:42:48     all   92.43    0.00    6.72    0.00    0.00    0.00    0.00    0.00    0.00    0.85
14:42:53     all   94.19    0.00    5.80    0.00    0.00    0.00    0.00    0.00    0.00    0.01
14:42:58     all   93.59    0.00    6.36    0.00    0.00    0.00    0.00    0.00    0.00    0.05
14:43:03     all   93.87    0.00    6.03    0.00    0.00    0.00    0.00    0.00    0.00    0.10
14:43:08     all   94.17    0.00    5.83    0.00    0.00    0.00    0.00    0.00    0.00    0.00
14:43:13     all   94.16    0.00    5.81    0.00    0.00    0.00    0.01    0.00    0.00    0.01
14:43:18     all   95.63    0.00    2.23    0.00    0.00    0.00    0.00    0.00    0.00    2.14
14:43:23     all   97.51    0.00    1.67    0.00    0.00    0.00    0.00    0.00    0.00    0.83
14:43:28     all   97.49    0.00    1.68    0.00    0.00    0.00    0.00    0.00    0.00    0.83
14:43:33     all   97.82    0.00    1.45    0.00    0.00    0.00    0.00    0.00    0.00    0.73
14:43:38     all   97.18    0.00    1.75    0.00    0.00    0.00    0.00    0.00    0.00    1.06
14:43:43     all   97.67    0.00    1.65    0.00    0.00    0.00    0.00    0.00    0.00    0.68
14:43:48     all   97.58    0.00    2.14    0.00    0.00    0.00    0.00    0.00    0.00    0.29
14:43:53     all   98.46    0.00    1.46    0.00    0.00    0.00    0.00    0.00    0.00    0.07
14:43:58     all   98.39    0.00    1.56    0.00    0.00    0.00    0.00    0.00    0.00    0.05
14:44:03     all   98.59    0.00    1.34    0.00    0.00    0.00    0.00    0.00    0.00    0.07
14:44:08     all   98.50    0.00    1.45    0.00    0.00    0.00    0.00    0.00    0.00    0.05
14:44:13     all   98.66    0.00    1.29    0.00    0.00    0.00    0.00    0.00    0.00    0.05
14:44:18     all   96.49    0.00    2.61    0.00    0.00    0.00    0.00    0.00    0.00    0.90
14:44:23     all   98.76    0.00    1.24    0.00    0.00    0.00    0.00    0.00    0.00    0.00
14:44:28     all   98.94    0.00    1.06    0.00    0.00    0.00    0.00    0.00    0.00    0.00
14:44:33     all   98.83    0.00    1.17    0.00    0.00    0.00    0.00    0.00    0.00    0.00
14:44:38     all   98.95    0.00    1.05    0.00    0.00    0.00    0.00    0.00    0.00    0.00
14:44:43     all   98.72    0.00    1.28    0.00    0.00    0.00    0.00    0.00    0.00    0.00
14:44:48     all   98.22    0.00    0.84    0.00    0.00    0.00    0.00    0.00    0.00    0.94
14:44:53     all   99.83    0.00    0.18    0.00    0.00    0.00    0.00    0.00    0.00    0.00
14:44:58     all   99.84    0.00    0.11    0.00    0.00    0.00    0.00    0.00    0.00    0.05
14:45:03     all   99.82    0.00    0.13    0.00    0.00    0.00    0.00    0.00    0.00    0.05
14:45:08     all   99.81    0.00    0.18    0.00    0.00    0.00    0.00    0.00    0.00    0.01
14:45:13     all   99.86    0.00    0.12    0.00    0.00    0.00    0.00    0.00    0.00    0.01
14:45:18     all   98.80    0.00    0.95    0.00    0.00    0.00    0.00    0.00    0.00    0.25
14:45:23     all   99.87    0.00    0.13    0.00    0.00    0.00    0.00    0.00    0.00    0.00
14:45:28     all   99.86    0.00    0.14    0.00    0.00    0.00    0.00    0.00    0.00    0.00
14:45:33     all   99.90    0.00    0.10    0.00    0.00    0.00    0.00    0.00    0.00    0.00
14:45:38     all   99.94    0.00    0.06    0.00    0.00    0.00    0.00    0.00    0.00    0.00
14:45:43     all   99.85    0.00    0.15    0.00    0.00    0.00    0.00    0.00    0.00    0.00
14:45:48     all   96.79    0.00    1.64    0.00    0.00    0.00    0.00    0.00    0.00    1.58
14:45:53     all   99.81    0.00    0.19    0.00    0.00    0.00    0.00    0.00    0.00    0.00
14:45:58     all   99.90    0.00    0.10    0.00    0.00    0.00    0.00    0.00    0.00    0.00
14:46:03     all   99.93    0.00    0.07    0.00    0.00    0.00    0.00    0.00    0.00    0.00
14:46:08     all   99.90    0.00    0.10    0.00    0.00    0.00    0.00    0.00    0.00    0.00
14:46:13     all   99.90    0.00    0.10    0.00    0.00    0.00    0.00    0.00    0.00    0.00
14:46:18     all   91.76    0.00    5.47    0.00    0.00    0.00    0.00    0.00    0.00    2.78
14:46:23     all   92.05    0.00    5.53    0.00    0.00    0.00    0.00    0.00    0.00    2.42
14:46:28     all   92.31    0.00    5.01    0.00    0.00    0.00    0.00    0.00    0.00    2.68
14:46:33     all   92.56    0.00    5.14    0.00    0.00    0.00    0.00    0.00    0.00    2.29
14:46:38     all   92.68    0.00    5.02    0.00    0.00    0.00    0.00    0.00    0.00    2.30
14:46:43     all   92.74    0.00    4.68    0.00    0.00    0.00    0.00    0.00    0.00    2.58
14:46:48     all   93.35    0.00    5.78    0.00    0.00    0.00    0.00    0.00    0.00    0.86
14:46:53     all   93.96    0.00    5.69    0.00    0.00    0.00    0.00    0.00    0.00    0.35
14:46:58     all   94.24    0.00    5.41    0.00    0.00    0.00    0.00    0.00    0.00    0.35
14:47:03     all   93.40    0.00    6.25    0.00    0.00    0.00    0.00    0.00    0.00    0.35
14:47:08     all   93.38    0.00    6.32    0.00    0.00    0.00    0.00    0.00    0.00    0.30
14:47:13     all   93.81    0.00    5.88    0.00    0.00    0.00    0.00    0.00    0.00    0.31
14:47:18     all   93.17    0.00    5.86    0.00    0.00    0.00    0.00    0.00    0.00    0.96
14:47:23     all   93.96    0.00    5.99    0.00    0.00    0.00    0.00    0.00    0.00    0.05
14:47:28     all   93.45    0.00    6.48    0.00    0.00    0.00    0.00    0.00    0.00    0.08
14:47:33     all   94.24    0.00    5.75    0.00    0.00    0.00    0.00    0.00    0.00    0.01
14:47:38     all   93.86    0.00    6.11    0.00    0.00    0.00    0.00    0.00    0.00    0.03
14:47:43     all   94.12    0.00    5.86    0.00    0.00    0.00    0.00    0.00    0.00    0.01
