procs -----------memory---------- ---swap-- -----io---- -system-- -------cpu-------
 r  b   swpd   free   buff  cache   si   so    bi    bo   in   cs us sy id wa st gu
18  0      0 67933696  52760 61089740    0    0    82 32876 8714   19 45  3 51  0  0  0
17  0      0 67929996  52760 61089756    0    0     0     0 13629 37570 93  4  3  0  0  0
17  0      0 67923092  52760 61089756    0    0     0     0 13346 37922 92  4  4  0  0  0
19  0      0 67923376  52760 61089756    0    0     0     0 13261 37978 92  4  3  0  0  0
17  0      0 67926672  52760 61089760    0    0     0     0 13591 38423 93  5  2  0  0  0
16  0      0 67936392  52760 61089760    0    0     0     0 13303 38196 92  5  3  0  0  0
16  0      0 67935060  52768 61089764    0    0     0    24 13462 37647 93  4  3  0  0  0
18  0      0 67934072  52768 61089764    0    0     0     0 13258 37703 91  5  4  0  0  0
16  0      0 67933388  52768 61089764    0    0     0     0 13444 38475 93  4  3  0  0  0
19  0      0 67933852  52768 61089768    0    0     0     0 13407 37942 92  4  3  0  0  0
