procs -----------memory---------- ---swap-- -----io---- -system-- -------cpu-------
 r  b   swpd   free   buff  cache   si   so    bi    bo   in   cs us sy id wa st gu
18  0      0 68076268  51984 60964772    0    0    71 33443 8652   19 45  3 52  0  0  0
20  0      0 68063392  51984 60964772    0    0     0    16 15002 43642 91  6  4  0  0  0
17  0      0 68060172  51984 60965000    0    0     0     0 14916 43707 92  3  4  0  0  0
14  0      0 68056648  51984 60965004    0    0     0     0 14579 44507 92  5  3  0  0  0
17  0      0 68053932  51984 60965004    0    0     0     0 14849 43779 91  5  3  0  0  0
19  0      0 68057660  51984 60965004    0    0     0     0 14754 42823 91  5  4  0  0  0
16  0      0 68064716  51984 60965008    0    0     0    28 14830 43595 91  6  4  0  0  0
16  0      0 68059632  51984 60965008    0    0     0     0 14681 43571 90  5  4  0  0  0
16  0      0 68058980  51984 60965008    0    0     0     0 14939 43782 91  5  4  0  0  0
17  0      0 68054540  51984 60965008    0    0     0     0 14910 43632 91  5  4  0  0  0
