Linux 6.18.51-120.163.amzn2023.x86_64 (<host>) 	10/01/26 	_x86_64_	(16 CPU)

00:46:53     CPU    %usr   %nice    %sys %iowait    %irq   %soft  %steal  %guest  %gnice   %idle
00:46:58     all   93.75    0.00    5.36    0.00    0.00    0.00    0.00    0.00    0.00    0.89
00:47:03     all   94.62    0.00    5.15    0.00    0.00    0.00    0.00    0.00    0.00    0.23
00:47:08     all   94.49    0.00    5.21    0.00    0.00    0.01    0.00    0.00    0.00    0.29
00:47:13     all   94.35    0.00    5.28    0.00    0.00    0.00    0.00    0.00    0.00    0.38
00:47:18     all   94.57    0.00    4.57    0.00    0.00    0.00    0.00    0.00    0.00    0.86
00:47:23     all   94.09    0.00    5.29    0.00    0.00    0.00    0.00    0.00    0.00    0.61
00:47:28     all   93.75    0.00    5.96    0.00    0.00    0.00    0.00    0.00    0.00    0.29
00:47:33     all   94.23    0.00    5.78    0.00    0.00    0.00    0.00    0.00    0.00    0.00
00:47:38     all   93.96    0.00    6.04    0.00    0.00    0.00    0.00    0.00    0.00    0.00
00:47:43     all   94.67    0.00    5.33    0.00    0.00    0.00    0.00    0.00    0.00    0.00
00:47:48     all   94.24    0.00    5.76    0.00    0.00    0.00    0.00    0.00    0.00    0.00
00:47:53     all   94.80    0.00    5.20    0.00    0.00    0.00    0.00    0.00    0.00    0.00
00:47:58     all   92.05    0.00    6.28    0.00    0.00    0.00    0.00    0.00    0.00    1.68
00:48:03     all   93.97    0.00    6.02    0.00    0.00    0.00    0.00    0.00    0.00    0.00
00:48:08     all   94.36    0.00    5.64    0.00    0.00    0.00    0.00    0.00    0.00    0.00
00:48:13     all   94.06    0.00    5.93    0.00    0.00    0.00    0.00    0.00    0.00    0.01
00:48:18     all   93.58    0.00    6.42    0.00    0.00    0.00    0.00    0.00    0.00    0.00
00:48:23     all   94.05    0.00    5.95    0.00    0.00    0.00    0.00    0.00    0.00    0.00
00:48:28     all   95.44    0.00    3.23    0.00    0.00    0.00    0.00    0.00    0.00    1.34
00:48:33     all   97.46    0.00    2.53    0.00    0.00    0.00    0.00    0.00    0.00    0.01
00:48:38     all   97.10    0.00    2.90    0.00    0.00    0.00    0.00    0.00    0.00    0.00
00:48:43     all   96.85    0.00    3.14    0.00    0.00    0.00    0.00    0.00    0.00    0.01
00:48:48     all   97.14    0.00    2.86    0.00    0.00    0.00    0.00    0.00    0.00    0.00
00:48:53     all   97.19    0.00    2.81    0.00    0.00    0.00    0.00    0.00    0.00    0.00
00:48:58     all   96.02    0.00    3.03    0.00    0.00    0.00    0.00    0.00    0.00    0.95
00:49:03     all   97.34    0.00    2.66    0.00    0.00    0.00    0.00    0.00    0.00    0.00
00:49:08     all   96.89    0.00    3.11    0.00    0.00    0.00    0.00    0.00    0.00    0.00
00:49:13     all   97.08    0.00    2.93    0.00    0.00    0.00    0.00    0.00    0.00    0.00
00:49:18     all   96.99    0.00    3.01    0.00    0.00    0.00    0.00    0.00    0.00    0.00
00:49:23     all   97.02    0.00    2.97    0.00    0.00    0.00    0.00    0.00    0.00    0.00
00:49:28     all   95.08    0.00    2.92    0.00    0.00    0.00    0.00    0.00    0.00    2.00
00:49:33     all   96.94    0.00    3.06    0.00    0.00    0.00    0.00    0.00    0.00    0.00
00:49:38     all   97.08    0.00    2.93    0.00    0.00    0.00    0.00    0.00    0.00    0.00
00:49:43     all   96.95    0.00    3.05    0.00    0.00    0.00    0.00    0.00    0.00    0.00
00:49:48     all   97.00    0.00    3.00    0.00    0.00    0.00    0.00    0.00    0.00    0.00
00:49:53     all   97.06    0.00    2.94    0.00    0.00    0.00    0.00    0.00    0.00    0.00
00:49:58     all   98.54    0.00    0.75    0.00    0.00    0.00    0.00    0.00    0.00    0.71
00:50:03     all   98.83    0.00    0.29    0.00    0.00    0.00    0.00    0.00    0.00    0.88
00:50:08     all   98.14    0.00    0.37    0.00    0.00    0.00    0.00    0.00    0.00    1.49
00:50:13     all   98.57    0.00    0.42    0.00    0.00    0.00    0.00    0.00    0.00    1.00
00:50:18     all   98.08    0.00    0.49    0.00    0.00    0.00    0.00    0.00    0.00    1.43
00:50:23     all   97.98    0.00    0.49    0.00    0.00    0.00    0.00    0.00    0.00    1.53
00:50:28     all   99.30    0.00    0.29    0.00    0.00    0.00    0.00    0.00    0.00    0.41
00:50:33     all   99.59    0.00    0.41    0.00    0.00    0.00    0.00    0.00    0.00    0.00
00:50:38     all   99.76    0.00    0.24    0.00    0.00    0.00    0.00    0.00    0.00    0.00
00:50:43     all   99.83    0.00    0.18    0.00    0.00    0.00    0.00    0.00    0.00    0.00
00:50:48     all   99.76    0.00    0.24    0.00    0.00    0.00    0.00    0.00    0.00    0.00
00:50:53     all   99.72    0.00    0.27    0.00    0.00    0.00    0.00    0.00    0.00    0.00
00:50:58     all   98.02    0.00    0.45    0.00    0.00    0.00    0.00    0.00    0.00    1.53
00:51:03     all   99.78    0.00    0.22    0.00    0.00    0.00    0.00    0.00    0.00    0.00
00:51:08     all   99.86    0.00    0.14    0.00    0.00    0.00    0.00    0.00    0.00    0.00
00:51:13     all   99.84    0.00    0.16    0.00    0.00    0.00    0.00    0.00    0.00    0.00
00:51:18     all   99.85    0.00    0.15    0.00    0.00    0.00    0.00    0.00    0.00    0.00
00:51:23     all   99.84    0.00    0.16    0.00    0.00    0.00    0.00    0.00    0.00    0.00
00:51:28     all   94.75    0.00    4.20    0.00    0.00    0.00    0.00    0.00    0.00    1.05
00:51:33     all   95.19    0.00    4.75    0.00    0.00    0.00    0.00    0.00    0.00    0.06
00:51:38     all   94.55    0.00    5.32    0.00    0.00    0.00    0.00    0.00    0.00    0.14
00:51:43     all   95.00    0.00    4.71    0.00    0.00    0.00    0.00    0.00    0.00    0.29
00:51:48     all   94.81    0.00    4.93    0.00    0.00    0.00    0.00    0.00    0.00    0.26
00:51:53     all   94.67    0.00    4.96    0.00    0.00    0.00    0.00    0.00    0.00    0.36
00:51:58     all   93.87    0.00    5.86    0.00    0.00    0.00    0.00    0.00    0.00    0.26
00:52:03     all   95.00    0.00    5.00    0.00    0.00    0.00    0.00    0.00    0.00    0.00
00:52:08     all   94.34    0.00    5.66    0.00    0.00    0.00    0.00    0.00    0.00    0.00
00:52:13     all   94.77    0.00    5.21    0.00    0.00    0.00    0.00    0.00    0.00    0.01
00:52:18     all   94.73    0.00    5.27    0.00    0.00    0.00    0.00    0.00    0.00    0.00
00:52:23     all   94.20    0.00    5.80    0.00    0.00    0.00    0.00    0.00    0.00    0.00
00:52:28     all   92.91    0.00    5.55    0.00    0.00    0.00    0.00    0.00    0.00    1.55
00:52:33     all   94.31    0.00    5.67    0.00    0.00    0.00    0.01    0.00    0.00    0.00
00:52:38     all   94.36    0.00    5.64    0.00    0.00    0.00    0.00    0.00    0.00    0.00
00:52:43     all   94.29    0.00    5.71    0.00    0.00    0.00    0.00    0.00    0.00    0.00
00:52:48     all   94.11    0.00    5.89    0.00    0.00    0.00    0.00    0.00    0.00    0.00
00:52:53     all   94.55    0.00    5.45    0.00    0.00    0.00    0.00    0.00    0.00    0.00
00:52:58     all   95.23    0.00    3.51    0.00    0.00    0.00    0.00    0.00    0.00    1.26
00:53:03     all   97.14    0.00    2.86    0.00    0.00    0.00    0.00    0.00    0.00    0.00
00:53:08     all   97.05    0.00    2.94    0.00    0.00    0.00    0.00    0.00    0.00    0.01
00:53:13     all   96.96    0.00    3.04    0.00    0.00    0.00    0.00    0.00    0.00    0.00
00:53:18     all   97.34    0.00    2.66    0.00    0.00    0.00    0.00    0.00    0.00    0.00
00:53:23     all   97.36    0.00    2.64    0.00    0.00    0.00    0.00    0.00    0.00    0.00
00:53:28     all   95.71    0.00    3.31    0.00    0.00    0.00    0.00    0.00    0.00    0.97
00:53:33     all   97.04    0.00    2.96    0.00    0.00    0.00    0.00    0.00    0.00    0.00
00:53:38     all   96.84    0.00    3.16    0.00    0.00    0.00    0.00    0.00    0.00    0.00
00:53:43     all   97.04    0.00    2.96    0.00    0.00    0.00    0.00    0.00    0.00    0.00
00:53:48     all   96.97    0.00    3.02    0.00    0.00    0.00    0.00    0.00    0.00    0.00
00:53:53     all   96.94    0.00    3.06    0.00    0.00    0.00    0.00    0.00    0.00    0.00
00:53:58     all   94.36    0.00    3.73    0.00    0.00    0.00    0.00    0.00    0.00    1.91
00:54:03     all   97.11    0.00    2.89    0.00    0.00    0.00    0.00    0.00    0.00    0.00
00:54:08     all   97.32    0.00    2.67    0.00    0.00    0.00    0.00    0.00    0.00    0.00
00:54:13     all   96.64    0.00    3.34    0.00    0.00    0.00    0.00    0.00    0.00    0.02
00:54:18     all   96.94    0.00    3.06    0.00    0.00    0.00    0.00    0.00    0.00    0.00
00:54:23     all   97.25    0.00    2.75    0.00    0.00    0.00    0.00    0.00    0.00    0.00
00:54:28     all   97.84    0.00    1.35    0.01    0.00    0.00    0.00    0.00    0.00    0.80
00:54:33     all   99.51    0.00    0.30    0.00    0.00    0.00    0.01    0.00    0.00    0.17
00:54:38     all   99.43    0.00    0.21    0.00    0.00    0.00    0.00    0.00    0.00    0.36
00:54:43     all   98.97    0.00    0.35    0.00    0.00    0.00    0.00    0.00    0.00    0.68
00:54:48     all   98.81    0.00    0.35    0.00    0.00    0.00    0.00    0.00    0.00    0.84
00:54:53     all   99.15    0.00    0.27    0.00    0.00    0.00    0.00    0.00    0.00    0.57
00:54:58     all   99.20    0.00    0.44    0.00    0.00    0.00    0.00    0.00    0.00    0.36
00:55:03     all   99.80    0.00    0.20    0.00    0.00    0.00    0.00    0.00    0.00    0.00
00:55:08     all   99.75    0.00    0.25    0.00    0.00    0.00    0.00    0.00    0.00    0.00
00:55:13     all   99.78    0.00    0.22    0.00    0.00    0.00    0.00    0.00    0.00    0.00
00:55:18     all   99.76    0.00    0.24    0.00    0.00    0.00    0.00    0.00    0.00    0.00
00:55:23     all   99.76    0.00    0.24    0.00    0.00    0.00    0.00    0.00    0.00    0.00
00:55:28     all   98.10    0.00    0.40    0.00    0.00    0.00    0.00    0.00    0.00    1.50
00:55:33     all   99.80    0.00    0.20    0.00    0.00    0.00    0.00    0.00    0.00    0.00
00:55:38     all   99.79    0.00    0.21    0.00    0.00    0.00    0.00    0.00    0.00    0.00
00:55:43     all   99.85    0.00    0.15    0.00    0.00    0.00    0.00    0.00    0.00    0.00
00:55:48     all   99.74    0.00    0.26    0.00    0.00    0.00    0.00    0.00    0.00    0.00
00:55:53     all   99.88    0.00    0.12    0.00    0.00    0.00    0.00    0.00    0.00    0.00
