Linux 6.12.111+deb13-cloud-amd64 (<host>) 	10/06/26 	_x86_64_	(16 CPU)

12:11:16     CPU    %usr   %nice    %sys %iowait    %irq   %soft  %steal  %guest  %gnice   %idle
12:11:21     all   97.11    0.00    1.80    0.00    0.00    0.00    0.01    0.00    0.00    1.08
12:11:26     all   98.31    0.00    1.66    0.00    0.00    0.00    0.00    0.00    0.00    0.03
12:11:31     all   98.38    0.00    1.60    0.00    0.00    0.00    0.00    0.00    0.00    0.03
12:11:36     all   98.24    0.00    1.69    0.00    0.00    0.00    0.01    0.00    0.00    0.06
12:11:41     all   98.26    0.00    1.74    0.00    0.00    0.00    0.00    0.00    0.00    0.00
12:11:46     all   98.32    0.00    1.63    0.00    0.00    0.00    0.00    0.00    0.00    0.05
12:11:51     all   96.99    0.00    2.81    0.00    0.00    0.00    0.00    0.00    0.00    0.20
12:11:56     all   98.06    0.00    1.94    0.00    0.00    0.00    0.00    0.00    0.00    0.00
12:12:01     all   98.26    0.00    1.74    0.00    0.00    0.00    0.00    0.00    0.00    0.00
12:12:06     all   98.09    0.00    1.89    0.00    0.00    0.00    0.01    0.00    0.00    0.01
12:12:11     all   97.99    0.00    2.01    0.00    0.00    0.00    0.00    0.00    0.00    0.00
12:12:16     all   97.79    0.00    2.21    0.00    0.00    0.00    0.00    0.00    0.00    0.00
12:12:21     all   95.64    0.00    3.66    0.00    0.00    0.00    0.00    0.00    0.00    0.70
12:12:26     all   98.29    0.00    1.71    0.00    0.00    0.00    0.00    0.00    0.00    0.00
12:12:31     all   98.11    0.00    1.89    0.00    0.00    0.00    0.00    0.00    0.00    0.00
12:12:36     all   98.46    0.00    1.53    0.00    0.00    0.00    0.01    0.00    0.00    0.00
12:12:41     all   97.90    0.00    2.10    0.00    0.00    0.00    0.00    0.00    0.00    0.00
12:12:46     all   98.11    0.00    1.89    0.00    0.00    0.00    0.00    0.00    0.00    0.00
12:12:51     all   98.21    0.00    0.84    0.00    0.00    0.00    0.01    0.00    0.00    0.94
12:12:56     all   99.84    0.00    0.15    0.00    0.00    0.00    0.00    0.00    0.00    0.01
12:13:01     all   99.89    0.00    0.11    0.00    0.00    0.00    0.00    0.00    0.00    0.00
12:13:06     all   99.81    0.00    0.19    0.00    0.00    0.00    0.00    0.00    0.00    0.00
12:13:11     all   99.84    0.00    0.15    0.00    0.00    0.00    0.00    0.00    0.00    0.01
12:13:16     all   99.85    0.00    0.15    0.00    0.00    0.00    0.00    0.00    0.00    0.00
12:13:21     all   98.94    0.00    0.80    0.00    0.00    0.00    0.00    0.00    0.00    0.26
12:13:26     all   99.84    0.00    0.15    0.00    0.00    0.00    0.01    0.00    0.00    0.00
12:13:31     all   99.84    0.00    0.16    0.00    0.00    0.00    0.00    0.00    0.00    0.00
12:13:36     all   99.89    0.00    0.11    0.00    0.00    0.00    0.00    0.00    0.00    0.00
12:13:41     all   99.90    0.00    0.10    0.00    0.00    0.00    0.00    0.00    0.00    0.00
12:13:46     all   99.86    0.00    0.14    0.00    0.00    0.00    0.00    0.00    0.00    0.00
12:13:51     all   97.19    0.00    1.75    0.00    0.00    0.00    0.00    0.00    0.00    1.06
12:13:56     all   99.88    0.00    0.12    0.00    0.00    0.00    0.00    0.00    0.00    0.00
12:14:01     all   99.90    0.00    0.10    0.00    0.00    0.00    0.00    0.00    0.00    0.00
12:14:06     all   99.90    0.00    0.10    0.00    0.00    0.00    0.00    0.00    0.00    0.00
12:14:11     all   99.95    0.00    0.05    0.00    0.00    0.00    0.00    0.00    0.00    0.00
12:14:16     all   99.85    0.00    0.15    0.00    0.00    0.00    0.00    0.00    0.00    0.00
12:14:21     all   91.91    0.00    5.45    0.00    0.00    0.00    0.01    0.00    0.00    2.62
12:14:26     all   92.25    0.00    5.48    0.00    0.00    0.00    0.00    0.00    0.00    2.26
12:14:31     all   91.95    0.00    5.79    0.00    0.00    0.00    0.01    0.00    0.00    2.26
12:14:36     all   91.98    0.00    5.63    0.00    0.00    0.00    0.00    0.00    0.00    2.39
12:14:41     all   92.15    0.00    5.59    0.00    0.00    0.00    0.00    0.00    0.00    2.27
12:14:46     all   92.50    0.00    5.49    0.00    0.00    0.00    0.01    0.00    0.00    2.00
12:14:51     all   93.66    0.00    6.04    0.00    0.00    0.00    0.00    0.00    0.00    0.30
12:14:56     all   94.36    0.00    5.60    0.00    0.00    0.00    0.00    0.00    0.00    0.04
12:15:01     all   93.66    0.00    6.34    0.00    0.00    0.00    0.00    0.00    0.00    0.00
12:15:06     all   93.39    0.00    6.61    0.00    0.00    0.00    0.00    0.00    0.00    0.00
12:15:11     all   93.81    0.00    6.16    0.00    0.00    0.00    0.00    0.00    0.00    0.02
12:15:16     all   93.75    0.00    6.24    0.00    0.00    0.00    0.00    0.00    0.00    0.01
12:15:21     all   91.72    0.00    7.34    0.00    0.00    0.00    0.00    0.00    0.00    0.94
12:15:26     all   93.85    0.00    6.15    0.00    0.00    0.00    0.00    0.00    0.00    0.00
12:15:31     all   93.54    0.00    6.46    0.00    0.00    0.00    0.00    0.00    0.00    0.00
12:15:36     all   93.68    0.00    6.32    0.00    0.00    0.00    0.00    0.00    0.00    0.00
12:15:41     all   93.62    0.00    6.38    0.00    0.00    0.00    0.00    0.00    0.00    0.00
12:15:46     all   93.69    0.00    6.31    0.00    0.00    0.00    0.00    0.00    0.00    0.00
12:15:51     all   96.19    0.00    2.40    0.00    0.00    0.00    0.01    0.00    0.00    1.40
12:15:56     all   98.38    0.00    1.56    0.00    0.00    0.00    0.00    0.00    0.00    0.06
12:16:01     all   98.22    0.00    1.74    0.00    0.00    0.00    0.00    0.00    0.00    0.04
12:16:06     all   98.28    0.00    1.66    0.00    0.00    0.00    0.01    0.00    0.00    0.05
12:16:11     all   98.31    0.00    1.65    0.00    0.00    0.00    0.00    0.00    0.00    0.04
12:16:16     all   98.19    0.00    1.71    0.00    0.00    0.00    0.00    0.00    0.00    0.10
12:16:21     all   97.03    0.00    2.80    0.00    0.00    0.00    0.00    0.00    0.00    0.17
12:16:26     all   98.08    0.00    1.92    0.00    0.00    0.00    0.00    0.00    0.00    0.00
12:16:31     all   98.09    0.00    1.91    0.00    0.00    0.00    0.00    0.00    0.00    0.00
12:16:36     all   97.81    0.00    2.17    0.00    0.00    0.00    0.00    0.00    0.00    0.01
12:16:41     all   98.10    0.00    1.89    0.00    0.00    0.00    0.00    0.00    0.00    0.01
12:16:46     all   98.02    0.00    1.98    0.00    0.00    0.00    0.00    0.00    0.00    0.00
12:16:51     all   95.74    0.00    3.49    0.00    0.00    0.00    0.00    0.00    0.00    0.78
12:16:56     all   97.76    0.00    2.24    0.00    0.00    0.00    0.00    0.00    0.00    0.00
12:17:01     all   98.07    0.00    1.93    0.00    0.00    0.00    0.00    0.00    0.00    0.00
12:17:06     all   98.12    0.00    1.88    0.00    0.00    0.00    0.00    0.00    0.00    0.00
12:17:11     all   97.82    0.00    2.17    0.00    0.00    0.00    0.00    0.00    0.00    0.00
12:17:16     all   98.11    0.00    1.89    0.00    0.00    0.00    0.00    0.00    0.00    0.00
12:17:21     all   98.11    0.00    0.95    0.00    0.00    0.00    0.02    0.00    0.00    0.91
12:17:26     all   99.83    0.00    0.16    0.00    0.00    0.00    0.00    0.00    0.00    0.01
12:17:31     all   99.84    0.00    0.14    0.00    0.00    0.00    0.00    0.00    0.00    0.03
12:17:36     all   99.84    0.00    0.16    0.00    0.00    0.00    0.00    0.00    0.00    0.00
12:17:41     all   99.90    0.00    0.09    0.00    0.00    0.00    0.00    0.00    0.00    0.01
12:17:46     all   99.84    0.00    0.15    0.00    0.00    0.00    0.00    0.00    0.00    0.01
12:17:51     all   98.91    0.00    0.95    0.00    0.00    0.00    0.00    0.00    0.00    0.14
12:17:56     all   99.81    0.00    0.19    0.00    0.00    0.00    0.00    0.00    0.00    0.00
12:18:01     all   99.90    0.00    0.10    0.00    0.00    0.00    0.00    0.00    0.00    0.00
12:18:06     all   99.84    0.00    0.16    0.00    0.00    0.00    0.00    0.00    0.00    0.00
12:18:11     all   99.83    0.00    0.17    0.00    0.00    0.00    0.00    0.00    0.00    0.00
12:18:16     all   99.85    0.00    0.15    0.00    0.00    0.00    0.00    0.00    0.00    0.00
12:18:21     all   97.09    0.00    1.55    0.00    0.00    0.00    0.00    0.00    0.00    1.36
12:18:26     all   99.89    0.00    0.11    0.00    0.00    0.00    0.00    0.00    0.00    0.00
12:18:31     all   99.90    0.00    0.10    0.00    0.00    0.00    0.00    0.00    0.00    0.00
12:18:36     all   99.89    0.00    0.11    0.00    0.00    0.00    0.00    0.00    0.00    0.00
12:18:41     all   99.90    0.00    0.09    0.00    0.00    0.00    0.01    0.00    0.00    0.00
12:18:46     all   99.85    0.00    0.14    0.00    0.00    0.00    0.01    0.00    0.00    0.00
12:18:51     all   92.33    0.00    5.30    0.01    0.00    0.00    0.00    0.00    0.00    2.35
12:18:56     all   92.39    0.00    5.59    0.00    0.00    0.00    0.00    0.00    0.00    2.02
12:19:01     all   92.25    0.00    5.67    0.00    0.00    0.00    0.00    0.00    0.00    2.08
12:19:06     all   92.04    0.00    5.71    0.00    0.00    0.00    0.00    0.00    0.00    2.25
12:19:11     all   92.65    0.00    5.20    0.00    0.00    0.00    0.00    0.00    0.00    2.15
12:19:16     all   92.33    0.00    5.48    0.00    0.00    0.00    0.00    0.00    0.00    2.19
12:19:21     all   93.30    0.00    6.16    0.00    0.00    0.00    0.00    0.00    0.00    0.54
12:19:26     all   93.53    0.00    6.45    0.00    0.00    0.00    0.00    0.00    0.00    0.02
12:19:31     all   94.08    0.00    5.92    0.00    0.00    0.00    0.00    0.00    0.00    0.00
12:19:36     all   94.35    0.00    5.61    0.00    0.00    0.00    0.00    0.00    0.00    0.04
12:19:41     all   93.15    0.00    6.81    0.00    0.00    0.00    0.00    0.00    0.00    0.04
12:19:46     all   93.36    0.00    6.62    0.00    0.00    0.00    0.00    0.00    0.00    0.03
12:19:51     all   90.92    0.00    8.24    0.00    0.00    0.00    0.00    0.00    0.00    0.84
12:19:56     all   93.68    0.00    6.32    0.00    0.00    0.00    0.00    0.00    0.00    0.00
12:20:01     all   93.99    0.00    6.01    0.00    0.00    0.00    0.00    0.00    0.00    0.00
12:20:06     all   93.90    0.00    6.09    0.00    0.00    0.00    0.01    0.00    0.00    0.00
12:20:11     all   92.91    0.00    7.09    0.00    0.00    0.00    0.00    0.00    0.00    0.00
12:20:16     all   93.47    0.00    6.53    0.00    0.00    0.00    0.00    0.00    0.00    0.00
