slovakia|10|16285680,24417640,6762385,24457883,24418196,17367527,13650759,26824877,20930766,13694291
slovakia|100|16285680,24417640,6762385,24457883,24418196,17367527,13650759,26824877,20930766,13694291,26287965,9496914,7663886,20195814,7415231,16375586,16021140,11899724,17075623,6785269,26927843,4127107,21593199,13822773,26448462,7400067,4588739,20516598,8851727,5587300,7124044,20516283,18147649,12407260,19619399,8283940,11450391,8597634,20516374,9673779,5018486,10104435,23159332,16263251,18059161,20339318,23339844,24626577,22372997,22662667,13269507,9988954,11202037,14370288,4917347,22803860,23211385,18568518,21168059,6943767,25312030,25046867,12933492,4085943,16144376,6143298,20516619,15315217,21987092,8951550,11310605,7384235,11283672,11119316,10787929,20516406,12860097,22562358,15449202,14877056,4405557,22624145,25978909,18845011,24074222,4351241,23953780,16021807,26177310,22722929,25801005,16022749,14366253,23023020,20343075,25260655,12207779,20516650,15740721,21647333
hungary|10|19013366,16278825,24423383,17144670,11975562,24425245,5499616,13694291,20871017,23590850
hungary|100|19013366,16278825,24423383,17144670,11975562,24425245,5499616,13694291,20871017,23590850,8020246,15068591,15656423,24427979,19626723,24728117,13985070,25008762,5604275,24410195,25564453,25144043,20122219,24426335,22707121,10478550,20025775,24776957,25507091,25479394,20025688,19075695,20026003,9106487,16119638,20876885,26539420,15180847,24467793,20472525,25472599,23135157,23649118,21098830,24573460,22623998,17548619,9096090,12046662,25914693,25432306,18690583,15861019,20026077,13821540,25500723,15988225,7437026,19215300,17447879,24418135,6870907,25615334,9809021,20025950,20025797,25489729,23039355,20086260,25903015,7965564,20530924,12086150,12086205,25536591,23246307,24723737,20484703,5580025,7436892,20818835,24989941,18903464,12086277,25148393,12086348,5022426,8702384,15231719,9091724,22079257,20915823,11280640,7997091,20807497,10951009,17441035,20818703,24387040,24724814
year|10|11345499,5835670,7031552,22268766,8100768,7745804,11949367,10108428,12601051,12600663
year|100|11345499,5835670,7031552,22268766,8100768,7745804,11949367,10108428,12601051,12600663,12600917,12600781,12600890,12600605,12601212,12601288,12600850,12601071,12601321,12601115,12600981,12601236,12601267,12600747,12601092,12600816,12601141,12601334,5752099,10349312,4220082,16176578,10349341,12600715,12601024,12600941,12601174,12601189,4443347,11847683,10349489,25960723,8020795,12101923,10349399,11847799,9964782,12101746,26163361,22107611,6121004,10349457,14942755,9531533,16807855,10578375,14882887,26098169,10349519,21504944,7995324,6148224,9910431,5662,14883341,2551,23494934,10349551,18063339,8847030,10849335,22513111,5339308,14732678,25555164,12264204,14882555,25158257,5123727,14940347,26043679,25958498,10108259,15125204,25543144,4953084,24150036,6129165,13554288,12545872,12545572,15183846,4145437,7065106,19148341,14361922,7511600,19668819,20839575,5055077
slovakia & hungary|10|13694291,24426335,24427979,11310605,24423383,24418196,24425245,12086348,12086277,24417640
slovakia & hungary|100|13694291,24426335,24427979,11310605,24423383,24418196,24425245,12086348,12086277,24417640,24420832,26927843,20516352,11174541,11587294,11815236,10118404,7916650,6987713,24078235,11631257,7107238,4302866,6810352,19555893,6899481,6309973,6309958,11274661,7109523,10160328,7913549,6309975,7913460,6309983,25312030,7204335,21421148,8107040,19868437,25511248,7966006,6309979,20516650,7913530,7913521,7913539,6547461,19996064,24418135,6629873,7913441,7913577,24074222,6051614,6546958,6309403,7386856,7981864,24426047,7913491,25030067,6328344,7913482,7913448,7453571,7482045,6717814,7916456,7453680,7913414,6367135,7916433,6716080,7916684,12540371,11190269,18971401,6013567,7913515,4792717,5546311,6606223,14548635,7916692,7916469,7916590,6328009,15236348,6309969,21136407,6309952,7453322,7407100,7900515,7453989,7453715,7453743,7454153,7916659
slovakia | hungary|10|13694291,24426335,24427979,11310605,24423383,24418196,24425245,12086348,12086277,24417640
slovakia | hungary|100|13694291,24426335,24427979,11310605,24423383,24418196,24425245,12086348,12086277,24417640,24420832,26927843,20516352,11174541,11587294,11815236,10118404,7916650,6987713,24078235,11631257,7107238,4302866,6810352,19555893,6899481,6309973,6309958,11274661,7109523,10160328,7913549,7913460,6309975,6309983,25312030,21421148,7204335,8107040,25511248,19868437,7966006,6309979,20516650,7913539,7913530,7913521,6547461,19996064,24418135,6629873,7913441,7913577,24074222,6051614,6546958,6309403,7386856,7981864,24426047,25030067,7913491,6328344,7916456,6717814,7913482,7913448,7453680,7913414,7482045,7453571,7916433,7916684,6367135,6716080,12540371,6013567,18971401,11190269,7913515,4792717,5546311,6606223,14548635,6309969,7916469,7916692,21136407,15236348,7916590,6328009,7453322,7453989,7453743,7407100,7900515,6309952,7453715,7916665,7916659
slovakia | hungary | poland|10|11310605,24418196,24425245,24420832,24417640,13694291,24426335,24423383,24427979,24418135
slovakia | hungary | poland|100|11310605,24418196,24425245,24420832,24417640,13694291,24426335,24423383,24427979,24418135,17765449,20516374,4792717,10256976,6987713,24426047,22274492,11174541,22892387,15059709,20516650,18523995,6866881,4177571,21031842,6606223,12068339,19996064,11554422,12766300,19788895,7243841,24422994,24423969,20673090,20814596,17919038,7921313,8735252,18412044,19020862,21284278,16800883,21032542,7878157,20943251,17280149,16806994,23606859,11448746,16907319,4740469,24425163,19020756,12826862,11196744,10271212,15059776,24423426,24428108,20516352,22581499,24418039,17382621,24692146,23158829,6606210,9475648,19020813,24426237,22428754,19020810,11606186,14164288,24417063,12726083,17562297,5641059,5546127,19020747,19020793,19020814,19020806,19020799,17297085,5188,11539772,22912083,15204926,23609518,10754948,19020816,19020868,15128776,12058068,26423823,20219677,23708951,22431725,23641452
hung*|10|21310557,22838275,21077268,18428873,5706916,9027827,17126414,23142011,16746149,5498988
hung*|100|21310557,22838275,21077268,18428873,5706916,9027827,17126414,23142011,16746149,5498988,20429104,14328007,20576267,4896214,9047576,23496868,23689113,23269368,22416294,12862833,23233332,5914872,13628539,26771365,14290680,13035867,6048802,8674949,26731851,15279599,11478401,6055879,15290838,4924882,16654243,24811665,14691425,23149912,20358218,23874686,22638947,12432855,18757254,4220976,22309052,20990801,7366098,22999532,15357553,26959367,4602705,22298473,17915341,16976028,6041473,8205795,14938612,9699226,10639879,9047281,24073482,26568149,8670895,7952414,15683849,7878204,22475851,5346610,14187176,23757778,24522475,26901981,9147232,12795474,21779178,13192034,5744453,6215835,8076476,26113897,26158353,26568284,4420428,16959086,15752654,14524076,24163077,15449006,10625975,22914211,22962474,11881895,14244344,6055524,9368034,11322703,9951615,26292267,11338785,16001696
